datetime,datetime_nano,SHFE.fu2305.open,SHFE.fu2305.high,SHFE.fu2305.low,SHFE.fu2305.close,SHFE.fu2305.volume,SHFE.fu2305.open_oi,SHFE.fu2305.close_oi
2023-03-31 21:00:00.000000000,1680267600000000000,2760,2768,2758,2762,12640,214253,210050
2023-03-31 21:01:00.000000000,1680267660000000000,2762,2766,2761,2762,6818,210050,208513
2023-03-31 21:02:00.000000000,1680267720000000000,2762,2765,2760,2763,3965,208513,207484
2023-03-31 21:03:00.000000000,1680267780000000000,2763,2765,2762,2764,3448,207484,206262
2023-03-31 21:04:00.000000000,1680267840000000000,2764,2767,2762,2765,3277,206262,205698
2023-03-31 21:05:00.000000000,1680267900000000000,2765,2771,2765,2770,4295,205698,205416
2023-03-31 21:06:00.000000000,1680267960000000000,2770,2773,2769,2769,4177,205416,204628
2023-03-31 21:07:00.000000000,1680268020000000000,2769,2770,2766,2766,2728,204628,204394
2023-03-31 21:08:00.000000000,1680268080000000000,2766,2768,2765,2766,2805,204394,204639
2023-03-31 21:09:00.000000000,1680268140000000000,2766,2768,2763,2765,2397,204639,204832
2023-03-31 21:10:00.000000000,1680268200000000000,2765,2768,2765,2767,1380,204832,205167
2023-03-31 21:11:00.000000000,1680268260000000000,2767,2770,2766,2766,2234,205167,204792
2023-03-31 21:12:00.000000000,1680268320000000000,2766,2770,2766,2769,1792,204792,204579
2023-03-31 21:13:00.000000000,1680268380000000000,2769,2771,2766,2771,1895,204579,204489
2023-03-31 21:14:00.000000000,1680268440000000000,2771,2772,2768,2769,1930,204489,204304
2023-03-31 21:15:00.000000000,1680268500000000000,2769,2771,2769,2770,1229,204304,204003
2023-03-31 21:16:00.000000000,1680268560000000000,2770,2771,2767,2770,1286,204003,204013
2023-03-31 21:17:00.000000000,1680268620000000000,2770,2772,2770,2771,1150,204013,204183
2023-03-31 21:18:00.000000000,1680268680000000000,2771,2771,2768,2768,1197,204183,204310
2023-03-31 21:19:00.000000000,1680268740000000000,2768,2770,2767,2768,1326,204310,204204
2023-03-31 21:20:00.000000000,1680268800000000000,2768,2768,2763,2767,3942,204204,203623
2023-03-31 21:21:00.000000000,1680268860000000000,2767,2767,2764,2765,1589,203623,203221
2023-03-31 21:22:00.000000000,1680268920000000000,2765,2769,2764,2767,2368,203221,202985
2023-03-31 21:23:00.000000000,1680268980000000000,2767,2769,2766,2768,1330,202985,202735
2023-03-31 21:24:00.000000000,1680269040000000000,2768,2770,2768,2769,1507,202735,202531
2023-03-31 21:25:00.000000000,1680269100000000000,2769,2769,2767,2768,689,202531,202590
2023-03-31 21:26:00.000000000,1680269160000000000,2768,2769,2768,2769,260,202590,202662
2023-03-31 21:27:00.000000000,1680269220000000000,2769,2770,2768,2769,967,202662,202532
2023-03-31 21:28:00.000000000,1680269280000000000,2769,2774,2769,2774,2292,202532,202400
2023-03-31 21:29:00.000000000,1680269340000000000,2774,2775,2772,2772,1829,202400,202296
2023-03-31 21:30:00.000000000,1680269400000000000,2772,2775,2772,2775,1111,202296,202516
2023-03-31 21:31:00.000000000,1680269460000000000,2775,2779,2775,2776,3226,202516,202896
2023-03-31 21:32:00.000000000,1680269520000000000,2776,2783,2776,2782,4178,202896,202847
2023-03-31 21:33:00.000000000,1680269580000000000,2782,2785,2779,2780,3073,202847,203135
2023-03-31 21:34:00.000000000,1680269640000000000,2780,2781,2778,2779,1602,203135,202984
2023-03-31 21:35:00.000000000,1680269700000000000,2779,2783,2779,2783,1797,202984,202689
2023-03-31 21:36:00.000000000,1680269760000000000,2783,2784,2780,2780,1370,202689,202740
2023-03-31 21:37:00.000000000,1680269820000000000,2780,2781,2779,2779,1440,202740,203079
2023-03-31 21:38:00.000000000,1680269880000000000,2779,2780,2776,2776,2626,203079,202715
2023-03-31 21:39:00.000000000,1680269940000000000,2776,2778,2776,2778,1533,202715,202517
2023-03-31 21:40:00.000000000,1680270000000000000,2778,2782,2777,2782,1577,202517,202793
2023-03-31 21:41:00.000000000,1680270060000000000,2782,2783,2780,2781,807,202793,202759
2023-03-31 21:42:00.000000000,1680270120000000000,2781,2782,2780,2781,1180,202759,202938
2023-03-31 21:43:00.000000000,1680270180000000000,2781,2782,2780,2780,751,202938,202941
2023-03-31 21:44:00.000000000,1680270240000000000,2780,2781,2779,2780,865,202941,202909
2023-03-31 21:45:00.000000000,1680270300000000000,2780,2783,2779,2781,1371,202909,203024
2023-03-31 21:46:00.000000000,1680270360000000000,2781,2783,2780,2783,592,203024,203131
2023-03-31 21:47:00.000000000,1680270420000000000,2783,2783,2780,2781,930,203131,203008
2023-03-31 21:48:00.000000000,1680270480000000000,2781,2782,2779,2779,982,203008,203097
2023-03-31 21:49:00.000000000,1680270540000000000,2779,2780,2775,2777,2209,203097,202768
2023-03-31 21:50:00.000000000,1680270600000000000,2777,2778,2776,2777,565,202768,202721
2023-03-31 21:51:00.000000000,1680270660000000000,2777,2779,2776,2779,931,202721,202529
2023-03-31 21:52:00.000000000,1680270720000000000,2779,2781,2779,2780,792,202529,202635
2023-03-31 21:53:00.000000000,1680270780000000000,2780,2781,2779,2781,608,202635,202503
2023-03-31 21:54:00.000000000,1680270840000000000,2781,2782,2779,2781,1004,202503,202426
2023-03-31 21:55:00.000000000,1680270900000000000,2781,2782,2780,2782,529,202426,202331
2023-03-31 21:56:00.000000000,1680270960000000000,2782,2782,2779,2779,633,202331,202301
2023-03-31 21:57:00.000000000,1680271020000000000,2779,2780,2778,2779,445,202301,202317
2023-03-31 21:58:00.000000000,1680271080000000000,2779,2780,2777,2777,673,202317,202135
2023-03-31 21:59:00.000000000,1680271140000000000,2777,2778,2776,2777,725,202135,202013
2023-03-31 22:00:00.000000000,1680271200000000000,2777,2779,2777,2778,759,202013,201931
2023-03-31 22:01:00.000000000,1680271260000000000,2778,2781,2777,2780,922,201931,201990
2023-03-31 22:02:00.000000000,1680271320000000000,2780,2781,2778,2778,460,201990,202220
2023-03-31 22:03:00.000000000,1680271380000000000,2778,2780,2778,2778,430,202220,202238
2023-03-31 22:04:00.000000000,1680271440000000000,2778,2780,2778,2780,316,202238,202167
2023-03-31 22:05:00.000000000,1680271500000000000,2780,2780,2778,2779,217,202167,202112
2023-03-31 22:06:00.000000000,1680271560000000000,2779,2782,2779,2780,614,202112,202196
2023-03-31 22:07:00.000000000,1680271620000000000,2780,2781,2779,2780,407,202196,202166
2023-03-31 22:08:00.000000000,1680271680000000000,2780,2781,2780,2780,325,202166,202240
2023-03-31 22:09:00.000000000,1680271740000000000,2780,2781,2779,2779,488,202240,202134
2023-03-31 22:10:00.000000000,1680271800000000000,2779,2780,2777,2780,675,202134,202252
2023-03-31 22:11:00.000000000,1680271860000000000,2780,2780,2777,2777,1024,202252,202040
2023-03-31 22:12:00.000000000,1680271920000000000,2777,2778,2775,2776,872,202040,201890
2023-03-31 22:13:00.000000000,1680271980000000000,2776,2778,2775,2777,651,201890,201761
2023-03-31 22:14:00.000000000,1680272040000000000,2777,2778,2776,2776,468,201761,201762
2023-03-31 22:15:00.000000000,1680272100000000000,2776,2778,2776,2777,399,201762,201752
2023-03-31 22:16:00.000000000,1680272160000000000,2777,2778,2776,2777,444,201752,201745
2023-03-31 22:17:00.000000000,1680272220000000000,2777,2777,2775,2777,709,201745,201515
2023-03-31 22:18:00.000000000,1680272280000000000,2777,2778,2776,2778,312,201515,201442
2023-03-31 22:19:00.000000000,1680272340000000000,2778,2779,2777,2778,600,201442,201331
2023-03-31 22:20:00.000000000,1680272400000000000,2778,2780,2776,2777,600,201331,201439
2023-03-31 22:21:00.000000000,1680272460000000000,2777,2777,2775,2776,474,201439,201382
2023-03-31 22:22:00.000000000,1680272520000000000,2776,2776,2773,2773,902,201382,201036
2023-03-31 22:23:00.000000000,1680272580000000000,2773,2776,2773,2776,720,201036,200873
2023-03-31 22:24:00.000000000,1680272640000000000,2776,2776,2774,2775,295,200873,200831
2023-03-31 22:25:00.000000000,1680272700000000000,2775,2775,2773,2774,582,200831,200712
2023-03-31 22:26:00.000000000,1680272760000000000,2774,2777,2774,2776,596,200712,200632
2023-03-31 22:27:00.000000000,1680272820000000000,2776,2779,2776,2779,764,200632,200696
2023-03-31 22:28:00.000000000,1680272880000000000,2779,2779,2777,2777,655,200696,200891
2023-03-31 22:29:00.000000000,1680272940000000000,2777,2778,2776,2777,348,200891,200761
2023-03-31 22:30:00.000000000,1680273000000000000,2777,2779,2777,2777,266,200761,200713
2023-03-31 22:31:00.000000000,1680273060000000000,2777,2778,2776,2776,352,200713,200717
2023-03-31 22:32:00.000000000,1680273120000000000,2776,2778,2775,2777,451,200717,200623
2023-03-31 22:33:00.000000000,1680273180000000000,2777,2778,2776,2777,493,200623,200595
2023-03-31 22:34:00.000000000,1680273240000000000,2777,2777,2776,2776,201,200595,200531
2023-03-31 22:35:00.000000000,1680273300000000000,2776,2778,2776,2777,358,200531,200399
2023-03-31 22:36:00.000000000,1680273360000000000,2777,2777,2776,2776,432,200399,200244
2023-03-31 22:37:00.000000000,1680273420000000000,2776,2776,2774,2775,1061,200244,200305
2023-03-31 22:38:00.000000000,1680273480000000000,2775,2775,2771,2773,1110,200305,199887
2023-03-31 22:39:00.000000000,1680273540000000000,2773,2777,2773,2775,659,199887,199566
2023-03-31 22:40:00.000000000,1680273600000000000,2775,2776,2774,2775,291,199566,199567
2023-03-31 22:41:00.000000000,1680273660000000000,2775,2775,2774,2774,236,199567,199535
2023-03-31 22:42:00.000000000,1680273720000000000,2774,2775,2774,2775,200,199535,199499
2023-03-31 22:43:00.000000000,1680273780000000000,2775,2777,2774,2777,582,199499,199341
2023-03-31 22:44:00.000000000,1680273840000000000,2777,2778,2776,2778,396,199341,199177
2023-03-31 22:45:00.000000000,1680273900000000000,2778,2780,2777,2780,975,199177,199178
2023-03-31 22:46:00.000000000,1680273960000000000,2780,2780,2777,2778,1264,199178,199408
2023-03-31 22:47:00.000000000,1680274020000000000,2778,2780,2777,2779,350,199408,199300
2023-03-31 22:48:00.000000000,1680274080000000000,2779,2781,2779,2779,834,199300,199039
2023-03-31 22:49:00.000000000,1680274140000000000,2779,2779,2777,2778,405,199039,199054
2023-03-31 22:50:00.000000000,1680274200000000000,2778,2778,2776,2777,243,199054,199032
2023-03-31 22:51:00.000000000,1680274260000000000,2777,2777,2775,2776,421,199032,198880
2023-03-31 22:52:00.000000000,1680274320000000000,2776,2777,2774,2775,879,198880,198629
2023-03-31 22:53:00.000000000,1680274380000000000,2775,2775,2774,2774,394,198629,198525
2023-03-31 22:54:00.000000000,1680274440000000000,2774,2777,2774,2776,503,198525,198361
2023-03-31 22:55:00.000000000,1680274500000000000,2776,2776,2774,2774,468,198361,198280
2023-03-31 22:56:00.000000000,1680274560000000000,2774,2775,2773,2775,890,198280,197853
2023-03-31 22:57:00.000000000,1680274620000000000,2775,2776,2774,2775,1041,197853,197348
2023-03-31 22:58:00.000000000,1680274680000000000,2775,2776,2774,2775,808,197348,197033
2023-03-31 22:59:00.000000000,1680274740000000000,2775,2778,2774,2776,2206,197033,196386
2023-04-03 09:00:00.000000000,1680483600000000000,2965,2975,2895,2911,36241,196386,193326
2023-04-03 09:01:00.000000000,1680483660000000000,2911,2917,2908,2909,11081,193326,193494
2023-04-03 09:02:00.000000000,1680483720000000000,2909,2909,2885,2894,11180,193494,193017
2023-04-03 09:03:00.000000000,1680483780000000000,2894,2913,2892,2909,8571,193017,193717
2023-04-03 09:04:00.000000000,1680483840000000000,2909,2913,2904,2904,5818,193717,194483
2023-04-03 09:05:00.000000000,1680483900000000000,2904,2905,2895,2899,5266,194483,194586
2023-04-03 09:06:00.000000000,1680483960000000000,2899,2900,2889,2892,5177,194586,194804
2023-04-03 09:07:00.000000000,1680484020000000000,2892,2895,2890,2890,2958,194804,195013
2023-04-03 09:08:00.000000000,1680484080000000000,2890,2902,2885,2898,6430,195013,195163
2023-04-03 09:09:00.000000000,1680484140000000000,2898,2902,2896,2901,4277,195163,195133
2023-04-03 09:10:00.000000000,1680484200000000000,2901,2906,2900,2900,3002,195133,194971
2023-04-03 09:11:00.000000000,1680484260000000000,2900,2901,2894,2897,1815,194971,195036
2023-04-03 09:12:00.000000000,1680484320000000000,2897,2904,2894,2904,2183,195036,195060
2023-04-03 09:13:00.000000000,1680484380000000000,2904,2906,2901,2901,2493,195060,194765
2023-04-03 09:14:00.000000000,1680484440000000000,2901,2905,2901,2905,1852,194765,194680
2023-04-03 09:15:00.000000000,1680484500000000000,2905,2910,2903,2904,3439,194680,194416
2023-04-03 09:16:00.000000000,1680484560000000000,2904,2906,2900,2906,1686,194416,194376
2023-04-03 09:17:00.000000000,1680484620000000000,2906,2906,2903,2904,982,194376,194412
2023-04-03 09:18:00.000000000,1680484680000000000,2904,2906,2903,2903,1462,194412,194279
2023-04-03 09:19:00.000000000,1680484740000000000,2903,2906,2903,2905,1257,194279,194300
2023-04-03 09:20:00.000000000,1680484800000000000,2905,2909,2904,2904,1790,194300,194367
2023-04-03 09:21:00.000000000,1680484860000000000,2904,2909,2904,2907,1895,194367,194387
2023-04-03 09:22:00.000000000,1680484920000000000,2907,2909,2905,2906,1653,194387,194620
2023-04-03 09:23:00.000000000,1680484980000000000,2906,2914,2906,2912,2382,194620,194629
2023-04-03 09:24:00.000000000,1680485040000000000,2912,2918,2911,2914,3444,194629,194514
2023-04-03 09:25:00.000000000,1680485100000000000,2914,2917,2913,2915,1828,194514,194738
2023-04-03 09:26:00.000000000,1680485160000000000,2915,2916,2914,2914,1860,194738,194513
2023-04-03 09:27:00.000000000,1680485220000000000,2914,2915,2909,2910,2177,194513,194192
2023-04-03 09:28:00.000000000,1680485280000000000,2910,2913,2909,2912,1687,194192,194435
2023-04-03 09:29:00.000000000,1680485340000000000,2912,2915,2911,2914,1916,194435,194714
2023-04-03 09:30:00.000000000,1680485400000000000,2914,2914,2907,2909,2016,194714,194806
2023-04-03 09:31:00.000000000,1680485460000000000,2909,2912,2908,2909,1999,194806,195291
2023-04-03 09:32:00.000000000,1680485520000000000,2909,2912,2909,2911,932,195291,195165
2023-04-03 09:33:00.000000000,1680485580000000000,2911,2912,2909,2910,749,195165,194966
2023-04-03 09:34:00.000000000,1680485640000000000,2910,2912,2909,2911,615,194966,194928
2023-04-03 09:35:00.000000000,1680485700000000000,2911,2914,2909,2912,1418,194928,194580
2023-04-03 09:36:00.000000000,1680485760000000000,2912,2914,2910,2914,842,194580,194238
2023-04-03 09:37:00.000000000,1680485820000000000,2914,2915,2912,2912,818,194238,194154
2023-04-03 09:38:00.000000000,1680485880000000000,2912,2913,2910,2910,541,194154,194082
2023-04-03 09:39:00.000000000,1680485940000000000,2910,2912,2910,2911,466,194082,194020
2023-04-03 09:40:00.000000000,1680486000000000000,2911,2912,2910,2910,374,194020,194033
2023-04-03 09:41:00.000000000,1680486060000000000,2910,2913,2909,2912,843,194033,193842
2023-04-03 09:42:00.000000000,1680486120000000000,2912,2912,2910,2910,728,193842,193754
2023-04-03 09:43:00.000000000,1680486180000000000,2910,2911,2908,2908,1017,193754,193510
2023-04-03 09:44:00.000000000,1680486240000000000,2908,2910,2908,2910,627,193510,193380
2023-04-03 09:45:00.000000000,1680486300000000000,2910,2911,2909,2910,895,193380,193205
2023-04-03 09:46:00.000000000,1680486360000000000,2910,2911,2909,2910,490,193205,193175
2023-04-03 09:47:00.000000000,1680486420000000000,2910,2912,2909,2911,513,193175,193188
2023-04-03 09:48:00.000000000,1680486480000000000,2911,2911,2909,2909,1098,193188,192872
2023-04-03 09:49:00.000000000,1680486540000000000,2909,2915,2908,2913,1791,192872,192579
2023-04-03 09:50:00.000000000,1680486600000000000,2913,2918,2913,2915,2826,192579,191875
2023-04-03 09:51:00.000000000,1680486660000000000,2915,2917,2914,2916,1174,191875,191868
2023-04-03 09:52:00.000000000,1680486720000000000,2916,2918,2916,2917,1160,191868,191755
2023-04-03 09:53:00.000000000,1680486780000000000,2917,2918,2916,2917,992,191755,191917
2023-04-03 09:54:00.000000000,1680486840000000000,2917,2918,2915,2917,1007,191917,191809
2023-04-03 09:55:00.000000000,1680486900000000000,2917,2917,2914,2914,881,191809,191655
2023-04-03 09:56:00.000000000,1680486960000000000,2914,2917,2914,2917,611,191655,191594
2023-04-03 09:57:00.000000000,1680487020000000000,2917,2917,2915,2916,388,191594,191666
2023-04-03 09:58:00.000000000,1680487080000000000,2916,2919,2916,2919,1114,191666,191683
2023-04-03 09:59:00.000000000,1680487140000000000,2919,2924,2918,2924,2290,191683,191532
2023-04-03 10:00:00.000000000,1680487200000000000,2924,2926,2924,2925,1852,191532,191304
2023-04-03 10:01:00.000000000,1680487260000000000,2925,2932,2925,2930,2850,191304,190918
2023-04-03 10:02:00.000000000,1680487320000000000,2930,2932,2930,2930,1336,190918,191155
2023-04-03 10:03:00.000000000,1680487380000000000,2930,2933,2930,2931,1776,191155,191379
2023-04-03 10:04:00.000000000,1680487440000000000,2931,2932,2929,2930,1389,191379,191181
2023-04-03 10:05:00.000000000,1680487500000000000,2930,2931,2929,2931,886,191181,191352
2023-04-03 10:06:00.000000000,1680487560000000000,2931,2932,2929,2930,887,191352,191423
2023-04-03 10:07:00.000000000,1680487620000000000,2930,2931,2929,2929,590,191423,191406
2023-04-03 10:08:00.000000000,1680487680000000000,2929,2931,2929,2931,607,191406,191442
2023-04-03 10:09:00.000000000,1680487740000000000,2931,2932,2930,2930,956,191442,191340
2023-04-03 10:10:00.000000000,1680487800000000000,2930,2932,2929,2931,950,191340,191446
2023-04-03 10:11:00.000000000,1680487860000000000,2931,2935,2931,2931,1682,191446,191173
2023-04-03 10:12:00.000000000,1680487920000000000,2931,2932,2929,2930,1325,191173,190800
2023-04-03 10:13:00.000000000,1680487980000000000,2930,2932,2930,2930,609,190800,190834
2023-04-03 10:14:00.000000000,1680488040000000000,2930,2931,2930,2930,529,190834,190803
2023-04-03 10:30:00.000000000,1680489000000000000,2929,2931,2927,2928,1289,190803,190570
2023-04-03 10:31:00.000000000,1680489060000000000,2928,2933,2927,2932,1088,190570,190482
2023-04-03 10:32:00.000000000,1680489120000000000,2932,2935,2932,2933,953,190482,190331
2023-04-03 10:33:00.000000000,1680489180000000000,2933,2935,2933,2933,920,190331,190465
2023-04-03 10:34:00.000000000,1680489240000000000,2933,2938,2933,2937,1521,190465,190466
2023-04-03 10:35:00.000000000,1680489300000000000,2937,2938,2935,2936,1089,190466,190309
2023-04-03 10:36:00.000000000,1680489360000000000,2936,2936,2933,2933,827,190309,190183
2023-04-03 10:37:00.000000000,1680489420000000000,2933,2936,2933,2934,507,190183,190197
2023-04-03 10:38:00.000000000,1680489480000000000,2934,2937,2934,2935,826,190197,190066
2023-04-03 10:39:00.000000000,1680489540000000000,2935,2936,2934,2935,343,190066,190052
2023-04-03 10:40:00.000000000,1680489600000000000,2935,2936,2934,2935,692,190052,189986
2023-04-03 10:41:00.000000000,1680489660000000000,2935,2937,2935,2936,387,189986,190047
2023-04-03 10:42:00.000000000,1680489720000000000,2936,2936,2933,2933,429,190047,189908
2023-04-03 10:43:00.000000000,1680489780000000000,2933,2935,2933,2934,494,189908,189767
2023-04-03 10:44:00.000000000,1680489840000000000,2934,2935,2933,2934,318,189767,189756
2023-04-03 10:45:00.000000000,1680489900000000000,2934,2935,2933,2933,323,189756,189765
2023-04-03 10:46:00.000000000,1680489960000000000,2933,2935,2932,2933,568,189765,189684
2023-04-03 10:47:00.000000000,1680490020000000000,2933,2934,2932,2934,378,189684,189594
2023-04-03 10:48:00.000000000,1680490080000000000,2934,2937,2932,2933,1247,189594,189866
2023-04-03 10:49:00.000000000,1680490140000000000,2933,2933,2929,2930,1502,189866,190287
2023-04-03 10:50:00.000000000,1680490200000000000,2930,2931,2929,2929,937,190287,189896
2023-04-03 10:51:00.000000000,1680490260000000000,2929,2929,2923,2925,2147,189896,189432
2023-04-03 10:52:00.000000000,1680490320000000000,2925,2927,2924,2925,1361,189432,189524
2023-04-03 10:53:00.000000000,1680490380000000000,2925,2926,2923,2923,776,189524,189441
2023-04-03 10:54:00.000000000,1680490440000000000,2923,2925,2923,2924,668,189441,189434
2023-04-03 10:55:00.000000000,1680490500000000000,2924,2925,2921,2922,1144,189434,189063
2023-04-03 10:56:00.000000000,1680490560000000000,2922,2924,2922,2924,435,189063,188922
2023-04-03 10:57:00.000000000,1680490620000000000,2924,2927,2923,2927,633,188922,188926
2023-04-03 10:58:00.000000000,1680490680000000000,2927,2927,2924,2926,464,188926,188978
2023-04-03 10:59:00.000000000,1680490740000000000,2926,2926,2923,2925,497,188978,189023
2023-04-03 11:00:00.000000000,1680490800000000000,2925,2929,2925,2929,674,189023,188967
2023-04-03 11:01:00.000000000,1680490860000000000,2929,2929,2927,2928,549,188967,188968
2023-04-03 11:02:00.000000000,1680490920000000000,2928,2929,2926,2927,397,188968,188835
2023-04-03 11:03:00.000000000,1680490980000000000,2927,2927,2925,2927,643,188835,188779
2023-04-03 11:04:00.000000000,1680491040000000000,2927,2929,2926,2928,286,188779,188746
2023-04-03 11:05:00.000000000,1680491100000000000,2928,2930,2928,2930,712,188746,189027
2023-04-03 11:06:00.000000000,1680491160000000000,2930,2930,2928,2930,356,189027,189006
2023-04-03 11:07:00.000000000,1680491220000000000,2930,2931,2928,2931,713,189006,188986
2023-04-03 11:08:00.000000000,1680491280000000000,2931,2933,2930,2933,696,188986,188788
2023-04-03 11:09:00.000000000,1680491340000000000,2933,2934,2932,2933,611,188788,188619
2023-04-03 11:10:00.000000000,1680491400000000000,2933,2934,2932,2933,247,188619,188663
2023-04-03 11:11:00.000000000,1680491460000000000,2933,2933,2930,2931,458,188663,188589
2023-04-03 11:12:00.000000000,1680491520000000000,2931,2932,2930,2931,370,188589,188518
2023-04-03 11:13:00.000000000,1680491580000000000,2931,2931,2928,2928,476,188518,188531
2023-04-03 11:14:00.000000000,1680491640000000000,2928,2930,2928,2929,250,188531,188512
2023-04-03 11:15:00.000000000,1680491700000000000,2929,2932,2929,2931,325,188512,188485
2023-04-03 11:16:00.000000000,1680491760000000000,2931,2935,2931,2935,892,188485,188378
2023-04-03 11:17:00.000000000,1680491820000000000,2935,2935,2934,2935,884,188378,188509
2023-04-03 11:18:00.000000000,1680491880000000000,2935,2935,2933,2933,470,188509,188409
2023-04-03 11:19:00.000000000,1680491940000000000,2933,2934,2933,2933,292,188409,188295
2023-04-03 11:20:00.000000000,1680492000000000000,2933,2934,2932,2933,239,188295,188271
2023-04-03 11:21:00.000000000,1680492060000000000,2933,2935,2933,2933,609,188271,188355
2023-04-03 11:22:00.000000000,1680492120000000000,2933,2934,2933,2933,182,188355,188314
2023-04-03 11:23:00.000000000,1680492180000000000,2933,2935,2933,2935,379,188314,188395
2023-04-03 11:24:00.000000000,1680492240000000000,2935,2937,2934,2937,645,188395,188457
2023-04-03 11:25:00.000000000,1680492300000000000,2937,2937,2934,2934,540,188457,188449
2023-04-03 11:26:00.000000000,1680492360000000000,2934,2934,2932,2933,338,188449,188478
2023-04-03 11:27:00.000000000,1680492420000000000,2933,2933,2932,2932,178,188478,188492
2023-04-03 11:28:00.000000000,1680492480000000000,2932,2935,2932,2934,537,188492,188384
2023-04-03 11:29:00.000000000,1680492540000000000,2934,2934,2932,2933,576,188384,188257
2023-04-03 13:30:00.000000000,1680499800000000000,2920,2922,2918,2920,5166,188257,187449
2023-04-03 13:31:00.000000000,1680499860000000000,2920,2920,2914,2916,2046,187449,187019
2023-04-03 13:32:00.000000000,1680499920000000000,2916,2917,2915,2916,1252,187019,186759
2023-04-03 13:33:00.000000000,1680499980000000000,2916,2916,2914,2916,992,186759,186685
2023-04-03 13:34:00.000000000,1680500040000000000,2916,2922,2915,2918,1751,186685,186936
2023-04-03 13:35:00.000000000,1680500100000000000,2918,2921,2916,2921,1036,186936,186812
2023-04-03 13:36:00.000000000,1680500160000000000,2921,2921,2918,2919,529,186812,186727
2023-04-03 13:37:00.000000000,1680500220000000000,2919,2920,2916,2917,622,186727,186598
2023-04-03 13:38:00.000000000,1680500280000000000,2917,2918,2916,2916,491,186598,186637
2023-04-03 13:39:00.000000000,1680500340000000000,2916,2918,2915,2918,1167,186637,186736
2023-04-03 13:40:00.000000000,1680500400000000000,2918,2918,2916,2917,888,186736,186519
2023-04-03 13:41:00.000000000,1680500460000000000,2917,2917,2915,2917,891,186519,186580
2023-04-03 13:42:00.000000000,1680500520000000000,2917,2917,2913,2914,1222,186580,186627
2023-04-03 13:43:00.000000000,1680500580000000000,2914,2914,2912,2913,1290,186627,186406
2023-04-03 13:44:00.000000000,1680500640000000000,2913,2913,2910,2910,1343,186406,186067
2023-04-03 13:45:00.000000000,1680500700000000000,2910,2913,2910,2911,822,186067,186000
2023-04-03 13:46:00.000000000,1680500760000000000,2911,2912,2908,2908,1222,186000,186027
2023-04-03 13:47:00.000000000,1680500820000000000,2908,2911,2908,2909,981,186027,185837
2023-04-03 13:48:00.000000000,1680500880000000000,2909,2912,2909,2912,701,185837,185953
2023-04-03 13:49:00.000000000,1680500940000000000,2912,2916,2912,2916,1042,185953,185683
2023-04-03 13:50:00.000000000,1680501000000000000,2916,2916,2914,2915,1106,185683,185945
2023-04-03 13:51:00.000000000,1680501060000000000,2915,2915,2911,2911,683,185945,186178
2023-04-03 13:52:00.000000000,1680501120000000000,2911,2913,2910,2912,617,186178,186075
2023-04-03 13:53:00.000000000,1680501180000000000,2912,2913,2912,2913,249,186075,186095
2023-04-03 13:54:00.000000000,1680501240000000000,2913,2913,2911,2913,784,186095,186008
2023-04-03 13:55:00.000000000,1680501300000000000,2913,2914,2911,2911,528,186008,185953
2023-04-03 13:56:00.000000000,1680501360000000000,2911,2912,2911,2911,525,185953,185842
2023-04-03 13:57:00.000000000,1680501420000000000,2911,2912,2910,2911,415,185842,185920
2023-04-03 13:58:00.000000000,1680501480000000000,2911,2912,2910,2911,524,185920,186008
2023-04-03 13:59:00.000000000,1680501540000000000,2911,2912,2910,2911,244,186008,186044
2023-04-03 14:00:00.000000000,1680501600000000000,2911,2916,2910,2916,880,186044,186027
2023-04-03 14:01:00.000000000,1680501660000000000,2916,2916,2913,2914,623,186027,185722
2023-04-03 14:02:00.000000000,1680501720000000000,2914,2915,2912,2915,491,185722,185570
2023-04-03 14:03:00.000000000,1680501780000000000,2915,2915,2913,2915,297,185570,185522
2023-04-03 14:04:00.000000000,1680501840000000000,2915,2918,2913,2917,845,185522,185386
2023-04-03 14:05:00.000000000,1680501900000000000,2917,2918,2915,2915,503,185386,185492
2023-04-03 14:06:00.000000000,1680501960000000000,2915,2917,2915,2916,399,185492,185511
2023-04-03 14:07:00.000000000,1680502020000000000,2916,2916,2915,2916,416,185511,185618
2023-04-03 14:08:00.000000000,1680502080000000000,2916,2917,2916,2917,212,185618,185573
2023-04-03 14:09:00.000000000,1680502140000000000,2917,2917,2916,2916,233,185573,185485
2023-04-03 14:10:00.000000000,1680502200000000000,2916,2917,2915,2917,289,185485,185564
2023-04-03 14:11:00.000000000,1680502260000000000,2917,2920,2916,2920,738,185564,185537
2023-04-03 14:12:00.000000000,1680502320000000000,2920,2920,2919,2920,378,185537,185561
2023-04-03 14:13:00.000000000,1680502380000000000,2920,2920,2918,2919,360,185561,185581
2023-04-03 14:14:00.000000000,1680502440000000000,2919,2919,2917,2918,270,185581,185550
2023-04-03 14:15:00.000000000,1680502500000000000,2918,2918,2916,2918,339,185550,185511
2023-04-03 14:16:00.000000000,1680502560000000000,2918,2920,2917,2919,579,185511,185760
2023-04-03 14:17:00.000000000,1680502620000000000,2919,2920,2917,2919,678,185760,185879
2023-04-03 14:18:00.000000000,1680502680000000000,2919,2920,2917,2919,417,185879,186045
2023-04-03 14:19:00.000000000,1680502740000000000,2919,2919,2917,2918,357,186045,186020
2023-04-03 14:20:00.000000000,1680502800000000000,2918,2919,2917,2918,248,186020,185979
2023-04-03 14:21:00.000000000,1680502860000000000,2918,2919,2917,2917,222,185979,185998
2023-04-03 14:22:00.000000000,1680502920000000000,2917,2918,2916,2918,203,185998,186023
2023-04-03 14:23:00.000000000,1680502980000000000,2918,2918,2915,2916,334,186023,185996
2023-04-03 14:24:00.000000000,1680503040000000000,2916,2916,2915,2916,233,185996,186023
2023-04-03 14:25:00.000000000,1680503100000000000,2916,2916,2914,2915,615,186023,185860
2023-04-03 14:26:00.000000000,1680503160000000000,2915,2915,2914,2914,456,185860,185734
2023-04-03 14:27:00.000000000,1680503220000000000,2914,2917,2913,2917,899,185734,185930
2023-04-03 14:28:00.000000000,1680503280000000000,2917,2918,2916,2917,394,185930,185836
2023-04-03 14:29:00.000000000,1680503340000000000,2917,2918,2914,2914,669,185836,185718
2023-04-03 14:30:00.000000000,1680503400000000000,2914,2916,2914,2915,387,185718,185596
2023-04-03 14:31:00.000000000,1680503460000000000,2915,2916,2914,2915,194,185596,185619
2023-04-03 14:32:00.000000000,1680503520000000000,2915,2917,2915,2916,416,185619,185661
2023-04-03 14:33:00.000000000,1680503580000000000,2916,2918,2915,2916,638,185661,185657
2023-04-03 14:34:00.000000000,1680503640000000000,2916,2916,2914,2915,600,185657,185457
2023-04-03 14:35:00.000000000,1680503700000000000,2915,2918,2915,2916,476,185457,185504
2023-04-03 14:36:00.000000000,1680503760000000000,2916,2918,2916,2917,473,185504,185404
2023-04-03 14:37:00.000000000,1680503820000000000,2917,2919,2916,2918,511,185404,185392
2023-04-03 14:38:00.000000000,1680503880000000000,2918,2920,2918,2919,455,185392,185391
2023-04-03 14:39:00.000000000,1680503940000000000,2919,2922,2918,2921,1138,185391,185502
2023-04-03 14:40:00.000000000,1680504000000000000,2921,2922,2919,2920,891,185502,185679
2023-04-03 14:41:00.000000000,1680504060000000000,2920,2921,2919,2921,368,185679,185628
2023-04-03 14:42:00.000000000,1680504120000000000,2921,2922,2920,2921,457,185628,185523
2023-04-03 14:43:00.000000000,1680504180000000000,2921,2922,2919,2920,567,185523,185416
2023-04-03 14:44:00.000000000,1680504240000000000,2920,2921,2919,2919,282,185416,185420
2023-04-03 14:45:00.000000000,1680504300000000000,2919,2920,2918,2920,812,185420,185233
2023-04-03 14:46:00.000000000,1680504360000000000,2920,2922,2918,2922,781,185233,185004
2023-04-03 14:47:00.000000000,1680504420000000000,2922,2922,2921,2922,393,185004,184926
2023-04-03 14:48:00.000000000,1680504480000000000,2922,2928,2921,2928,2798,184926,185251
2023-04-03 14:49:00.000000000,1680504540000000000,2928,2929,2925,2926,1176,185251,185102
2023-04-03 14:50:00.000000000,1680504600000000000,2926,2926,2924,2925,1085,185102,184800
2023-04-03 14:51:00.000000000,1680504660000000000,2925,2926,2923,2923,832,184800,184751
2023-04-03 14:52:00.000000000,1680504720000000000,2923,2924,2923,2924,709,184751,184619
2023-04-03 14:53:00.000000000,1680504780000000000,2924,2925,2922,2923,870,184619,184475
2023-04-03 14:54:00.000000000,1680504840000000000,2923,2924,2922,2923,1208,184475,184623
2023-04-03 14:55:00.000000000,1680504900000000000,2923,2923,2920,2921,1331,184623,184919
2023-04-03 14:56:00.000000000,1680504960000000000,2921,2921,2918,2919,1258,184919,184796
2023-04-03 14:57:00.000000000,1680505020000000000,2919,2919,2916,2916,1137,184796,184332
2023-04-03 14:58:00.000000000,1680505080000000000,2916,2917,2915,2916,2123,184332,184469
2023-04-03 14:59:00.000000000,1680505140000000000,2916,2917,2915,2917,3092,184469,184648
2023-04-03 21:00:00.000000000,1680526800000000000,2937,2949,2929,2948,13747,184648,181976
2023-04-03 21:01:00.000000000,1680526860000000000,2948,2955,2945,2955,6894,181976,182223
2023-04-03 21:02:00.000000000,1680526920000000000,2955,2958,2951,2951,4571,182223,182458
2023-04-03 21:03:00.000000000,1680526980000000000,2951,2951,2945,2948,2945,182458,182402
2023-04-03 21:04:00.000000000,1680527040000000000,2948,2955,2947,2955,3222,182402,181863
2023-04-03 21:05:00.000000000,1680527100000000000,2955,2969,2954,2963,5768,181863,181811
2023-04-03 21:06:00.000000000,1680527160000000000,2963,2967,2963,2964,3370,181811,182049
2023-04-03 21:07:00.000000000,1680527220000000000,2964,2965,2960,2964,2851,182049,181735
2023-04-03 21:08:00.000000000,1680527280000000000,2964,2965,2961,2963,2601,181735,182069
2023-04-03 21:09:00.000000000,1680527340000000000,2963,2967,2963,2967,3664,182069,181987
2023-04-03 21:10:00.000000000,1680527400000000000,2967,2971,2965,2969,3592,181987,181551
2023-04-03 21:11:00.000000000,1680527460000000000,2969,2970,2965,2968,3036,181551,181166
2023-04-03 21:12:00.000000000,1680527520000000000,2968,2971,2968,2970,3379,181166,181260
2023-04-03 21:13:00.000000000,1680527580000000000,2970,2973,2969,2970,2282,181260,181197
2023-04-03 21:14:00.000000000,1680527640000000000,2970,2976,2969,2975,2905,181197,181472
2023-04-03 21:15:00.000000000,1680527700000000000,2975,2982,2975,2981,3780,181472,181619
2023-04-03 21:16:00.000000000,1680527760000000000,2981,2986,2979,2979,4550,181619,181402
2023-04-03 21:17:00.000000000,1680527820000000000,2979,2980,2976,2976,2668,181402,181609
2023-04-03 21:18:00.000000000,1680527880000000000,2976,2979,2976,2978,1527,181609,181833
2023-04-03 21:19:00.000000000,1680527940000000000,2978,2981,2977,2980,1445,181833,181851
2023-04-03 21:20:00.000000000,1680528000000000000,2980,2983,2979,2982,1800,181851,182244
2023-04-03 21:21:00.000000000,1680528060000000000,2982,2982,2978,2979,1391,182244,182333
2023-04-03 21:22:00.000000000,1680528120000000000,2979,2981,2978,2979,1089,182333,182270
2023-04-03 21:23:00.000000000,1680528180000000000,2979,2981,2978,2979,1037,182270,182507
2023-04-03 21:24:00.000000000,1680528240000000000,2979,2983,2978,2982,1717,182507,182239
2023-04-03 21:25:00.000000000,1680528300000000000,2982,2988,2981,2987,2094,182239,182291
2023-04-03 21:26:00.000000000,1680528360000000000,2987,2991,2985,2985,2499,182291,182226
2023-04-03 21:27:00.000000000,1680528420000000000,2985,2987,2983,2984,1182,182226,182353
2023-04-03 21:28:00.000000000,1680528480000000000,2984,2987,2984,2987,775,182353,182597
2023-04-03 21:29:00.000000000,1680528540000000000,2987,2989,2986,2988,1001,182597,182507
2023-04-03 21:30:00.000000000,1680528600000000000,2988,2991,2985,2989,1801,182507,182643
2023-04-03 21:31:00.000000000,1680528660000000000,2989,2998,2989,2996,3762,182643,182837
2023-04-03 21:32:00.000000000,1680528720000000000,2996,2996,2994,2996,2094,182837,183005
2023-04-03 21:33:00.000000000,1680528780000000000,2996,3008,2996,3003,4895,183005,183300
2023-04-03 21:34:00.000000000,1680528840000000000,3003,3004,3001,3004,1762,183300,183404
2023-04-03 21:35:00.000000000,1680528900000000000,3004,3005,3002,3005,1502,183404,183689
2023-04-03 21:36:00.000000000,1680528960000000000,3005,3006,3001,3001,1318,183689,183629
2023-04-03 21:37:00.000000000,1680529020000000000,3001,3001,2995,2997,2456,183629,183612
2023-04-03 21:38:00.000000000,1680529080000000000,2997,3000,2997,2998,1264,183612,183845
2023-04-03 21:39:00.000000000,1680529140000000000,2998,3001,2998,3001,1158,183845,183969
2023-04-03 21:40:00.000000000,1680529200000000000,3001,3001,2998,3000,966,183969,184168
2023-04-03 21:41:00.000000000,1680529260000000000,3000,3003,3000,3002,1092,184168,184154
2023-04-03 21:42:00.000000000,1680529320000000000,3002,3005,3001,3005,1019,184154,184244
2023-04-03 21:43:00.000000000,1680529380000000000,3005,3008,3004,3006,1845,184244,184292
2023-04-03 21:44:00.000000000,1680529440000000000,3006,3008,3006,3008,950,184292,184389
2023-04-03 21:45:00.000000000,1680529500000000000,3008,3008,3006,3006,1231,184389,184934
2023-04-03 21:46:00.000000000,1680529560000000000,3006,3010,3006,3007,1809,184934,184884
2023-04-03 21:47:00.000000000,1680529620000000000,3007,3009,3007,3008,905,184884,184854
2023-04-03 21:48:00.000000000,1680529680000000000,3008,3008,3004,3007,1639,184854,184664
2023-04-03 21:49:00.000000000,1680529740000000000,3007,3017,3006,3017,4214,184664,184492
2023-04-03 21:50:00.000000000,1680529800000000000,3017,3022,3016,3021,3892,184492,184880
2023-04-03 21:51:00.000000000,1680529860000000000,3021,3027,3020,3023,3807,184880,184654
2023-04-03 21:52:00.000000000,1680529920000000000,3023,3025,3023,3024,1740,184654,184878
2023-04-03 21:53:00.000000000,1680529980000000000,3024,3024,3019,3020,2467,184878,185081
2023-04-03 21:54:00.000000000,1680530040000000000,3020,3022,3019,3019,1529,185081,184550
2023-04-03 21:55:00.000000000,1680530100000000000,3019,3021,3019,3020,1156,184550,184360
2023-04-03 21:56:00.000000000,1680530160000000000,3020,3021,3019,3020,1019,184360,184466
2023-04-03 21:57:00.000000000,1680530220000000000,3020,3021,3018,3020,1275,184466,184376
2023-04-03 21:58:00.000000000,1680530280000000000,3020,3022,3018,3022,1848,184376,184645
2023-04-03 21:59:00.000000000,1680530340000000000,3022,3023,3021,3023,902,184645,184469
2023-04-03 22:00:00.000000000,1680530400000000000,3023,3036,3022,3032,4702,184469,183376
2023-04-03 22:01:00.000000000,1680530460000000000,3032,3037,3032,3033,3833,183376,183668
2023-04-03 22:02:00.000000000,1680530520000000000,3033,3036,3033,3036,2003,183668,183969
2023-04-03 22:03:00.000000000,1680530580000000000,3036,3036,3032,3034,2283,183969,184351
2023-04-03 22:04:00.000000000,1680530640000000000,3034,3036,3032,3035,1758,184351,184346
2023-04-03 22:05:00.000000000,1680530700000000000,3035,3045,3035,3042,4523,184346,184454
2023-04-03 22:06:00.000000000,1680530760000000000,3042,3048,3041,3047,4788,184454,184579
2023-04-03 22:07:00.000000000,1680530820000000000,3047,3048,3042,3042,2771,184579,184047
2023-04-03 22:08:00.000000000,1680530880000000000,3042,3044,3041,3043,2137,184047,183798
2023-04-03 22:09:00.000000000,1680530940000000000,3043,3044,3042,3042,1642,183798,183563
2023-04-03 22:10:00.000000000,1680531000000000000,3042,3043,3032,3033,4177,183563,182826
2023-04-03 22:11:00.000000000,1680531060000000000,3033,3033,3026,3026,4913,182826,181708
2023-04-03 22:12:00.000000000,1680531120000000000,3026,3028,3020,3022,4512,181708,180963
2023-04-03 22:13:00.000000000,1680531180000000000,3022,3023,3019,3019,2985,180963,180781
2023-04-03 22:14:00.000000000,1680531240000000000,3019,3020,3015,3019,4209,180781,179601
2023-04-03 22:15:00.000000000,1680531300000000000,3019,3025,3019,3019,2946,179601,179352
2023-04-03 22:16:00.000000000,1680531360000000000,3019,3022,3018,3021,1896,179352,178998
2023-04-03 22:17:00.000000000,1680531420000000000,3021,3021,3019,3020,1197,178998,179000
2023-04-03 22:18:00.000000000,1680531480000000000,3020,3025,3019,3025,1786,179000,178572
2023-04-03 22:19:00.000000000,1680531540000000000,3025,3028,3024,3026,2846,178572,178475
2023-04-03 22:20:00.000000000,1680531600000000000,3026,3031,3025,3031,2652,178475,178482
2023-04-03 22:21:00.000000000,1680531660000000000,3031,3033,3028,3029,1561,178482,178699
2023-04-03 22:22:00.000000000,1680531720000000000,3029,3029,3025,3027,1046,178699,178689
2023-04-03 22:23:00.000000000,1680531780000000000,3027,3028,3022,3022,1808,178689,178549
2023-04-03 22:24:00.000000000,1680531840000000000,3022,3024,3021,3023,1180,178549,178714
2023-04-03 22:25:00.000000000,1680531900000000000,3023,3026,3023,3025,837,178714,178825
2023-04-03 22:26:00.000000000,1680531960000000000,3025,3026,3023,3025,836,178825,178947
2023-04-03 22:27:00.000000000,1680532020000000000,3025,3025,3022,3023,666,178947,178838
2023-04-03 22:28:00.000000000,1680532080000000000,3023,3024,3022,3022,455,178838,178844
2023-04-03 22:29:00.000000000,1680532140000000000,3022,3025,3022,3025,830,178844,178570
2023-04-03 22:30:00.000000000,1680532200000000000,3025,3028,3025,3026,1261,178570,178315
2023-04-03 22:31:00.000000000,1680532260000000000,3026,3029,3025,3029,1195,178315,178217
2023-04-03 22:32:00.000000000,1680532320000000000,3029,3030,3028,3029,1032,178217,178012
2023-04-03 22:33:00.000000000,1680532380000000000,3029,3031,3028,3029,1389,178012,177574
2023-04-03 22:34:00.000000000,1680532440000000000,3029,3033,3029,3032,1650,177574,177300
2023-04-03 22:35:00.000000000,1680532500000000000,3032,3034,3031,3033,1258,177300,177333
2023-04-03 22:36:00.000000000,1680532560000000000,3033,3034,3032,3032,1145,177333,177190
2023-04-03 22:37:00.000000000,1680532620000000000,3032,3036,3032,3033,1817,177190,177086
2023-04-03 22:38:00.000000000,1680532680000000000,3033,3034,3026,3028,2965,177086,176617
2023-04-03 22:39:00.000000000,1680532740000000000,3028,3031,3027,3029,1398,176617,176392
2023-04-03 22:40:00.000000000,1680532800000000000,3029,3036,3029,3036,2095,176392,175880
2023-04-03 22:41:00.000000000,1680532860000000000,3036,3043,3035,3043,3307,175880,175528
2023-04-03 22:42:00.000000000,1680532920000000000,3043,3045,3040,3045,2503,175528,175379
2023-04-03 22:43:00.000000000,1680532980000000000,3045,3058,3045,3053,5818,175379,174996
2023-04-03 22:44:00.000000000,1680533040000000000,3053,3054,3047,3048,3336,174996,174954
2023-04-03 22:45:00.000000000,1680533100000000000,3048,3053,3047,3051,2388,174954,174436
2023-04-03 22:46:00.000000000,1680533160000000000,3051,3052,3047,3048,2316,174436,174005
2023-04-03 22:47:00.000000000,1680533220000000000,3048,3050,3044,3046,2950,174005,172918
2023-04-03 22:48:00.000000000,1680533280000000000,3046,3047,3041,3046,2576,172918,172004
2023-04-03 22:49:00.000000000,1680533340000000000,3046,3047,3042,3043,1390,172004,171921
2023-04-03 22:50:00.000000000,1680533400000000000,3043,3044,3034,3036,2520,171921,171204
2023-04-03 22:51:00.000000000,1680533460000000000,3036,3040,3034,3039,2260,171204,170908
2023-04-03 22:52:00.000000000,1680533520000000000,3039,3040,3037,3038,1262,170908,170843
2023-04-03 22:53:00.000000000,1680533580000000000,3038,3042,3037,3042,1182,170843,170720
2023-04-03 22:54:00.000000000,1680533640000000000,3042,3043,3041,3042,1618,170720,170588
2023-04-03 22:55:00.000000000,1680533700000000000,3042,3047,3041,3047,2075,170588,170388
2023-04-03 22:56:00.000000000,1680533760000000000,3047,3047,3042,3043,1383,170388,170224
2023-04-03 22:57:00.000000000,1680533820000000000,3043,3043,3034,3036,2694,170224,169319
2023-04-03 22:58:00.000000000,1680533880000000000,3036,3042,3036,3040,1691,169319,169088
2023-04-03 22:59:00.000000000,1680533940000000000,3040,3048,3040,3047,4172,169088,168031
2023-04-04 09:00:00.000000000,1680570000000000000,3056,3058,3048,3049,4483,168031,168231
2023-04-04 09:01:00.000000000,1680570060000000000,3049,3055,3049,3055,3187,168231,168084
2023-04-04 09:02:00.000000000,1680570120000000000,3055,3058,3055,3056,2685,168084,168532
2023-04-04 09:03:00.000000000,1680570180000000000,3056,3058,3053,3053,1872,168532,168397
2023-04-04 09:04:00.000000000,1680570240000000000,3053,3053,3048,3050,1687,168397,167970
2023-04-04 09:05:00.000000000,1680570300000000000,3050,3051,3045,3046,2893,167970,167418
2023-04-04 09:06:00.000000000,1680570360000000000,3046,3049,3045,3047,1928,167418,167380
2023-04-04 09:07:00.000000000,1680570420000000000,3047,3048,3045,3045,905,167380,167337
2023-04-04 09:08:00.000000000,1680570480000000000,3045,3046,3041,3041,1516,167337,166805
2023-04-04 09:09:00.000000000,1680570540000000000,3041,3047,3040,3047,1159,166805,166747
2023-04-04 09:10:00.000000000,1680570600000000000,3047,3048,3046,3046,811,166747,166817
2023-04-04 09:11:00.000000000,1680570660000000000,3046,3050,3044,3050,1404,166817,166832
2023-04-04 09:12:00.000000000,1680570720000000000,3050,3055,3049,3052,2780,166832,166663
2023-04-04 09:13:00.000000000,1680570780000000000,3052,3054,3051,3051,1228,166663,166424
2023-04-04 09:14:00.000000000,1680570840000000000,3051,3055,3051,3053,1009,166424,166395
2023-04-04 09:15:00.000000000,1680570900000000000,3053,3055,3052,3052,820,166395,166156
2023-04-04 09:16:00.000000000,1680570960000000000,3052,3053,3050,3050,702,166156,166063
2023-04-04 09:17:00.000000000,1680571020000000000,3050,3050,3047,3049,774,166063,165882
2023-04-04 09:18:00.000000000,1680571080000000000,3049,3054,3048,3054,1826,165882,166011
2023-04-04 09:19:00.000000000,1680571140000000000,3054,3058,3054,3058,1917,166011,166194
2023-04-04 09:20:00.000000000,1680571200000000000,3058,3058,3054,3055,919,166194,166258
2023-04-04 09:21:00.000000000,1680571260000000000,3055,3056,3053,3054,635,166258,166200
2023-04-04 09:22:00.000000000,1680571320000000000,3054,3055,3051,3052,778,166200,166112
2023-04-04 09:23:00.000000000,1680571380000000000,3052,3053,3050,3051,372,166112,166056
2023-04-04 09:24:00.000000000,1680571440000000000,3051,3053,3051,3052,531,166056,166056
2023-04-04 09:25:00.000000000,1680571500000000000,3052,3055,3051,3054,1196,166056,165815
2023-04-04 09:26:00.000000000,1680571560000000000,3054,3055,3053,3054,958,165815,165490
2023-04-04 09:27:00.000000000,1680571620000000000,3054,3054,3048,3050,1026,165490,165399
2023-04-04 09:28:00.000000000,1680571680000000000,3050,3050,3047,3048,928,165399,165377
2023-04-04 09:29:00.000000000,1680571740000000000,3048,3050,3047,3050,752,165377,165321
2023-04-04 09:30:00.000000000,1680571800000000000,3050,3052,3049,3050,470,165321,165389
2023-04-04 09:31:00.000000000,1680571860000000000,3050,3054,3050,3054,597,165389,165418
2023-04-04 09:32:00.000000000,1680571920000000000,3054,3055,3053,3053,488,165418,165202
2023-04-04 09:33:00.000000000,1680571980000000000,3053,3054,3052,3053,750,165202,165113
2023-04-04 09:34:00.000000000,1680572040000000000,3053,3054,3051,3052,324,165113,165130
2023-04-04 09:35:00.000000000,1680572100000000000,3052,3052,3050,3050,275,165130,165149
2023-04-04 09:36:00.000000000,1680572160000000000,3050,3052,3050,3052,321,165149,165133
2023-04-04 09:37:00.000000000,1680572220000000000,3052,3053,3051,3052,279,165133,165100
2023-04-04 09:38:00.000000000,1680572280000000000,3052,3053,3050,3052,483,165100,165085
2023-04-04 09:39:00.000000000,1680572340000000000,3052,3054,3052,3053,463,165085,165119
2023-04-04 09:40:00.000000000,1680572400000000000,3053,3054,3052,3053,285,165119,165167
2023-04-04 09:41:00.000000000,1680572460000000000,3053,3054,3052,3054,327,165167,165155
2023-04-04 09:42:00.000000000,1680572520000000000,3054,3056,3053,3055,1531,165155,164920
2023-04-04 09:43:00.000000000,1680572580000000000,3055,3057,3054,3054,737,164920,164908
2023-04-04 09:44:00.000000000,1680572640000000000,3054,3054,3052,3053,624,164908,164846
2023-04-04 09:45:00.000000000,1680572700000000000,3053,3054,3052,3053,274,164846,164785
2023-04-04 09:46:00.000000000,1680572760000000000,3053,3053,3052,3052,146,164785,164829
2023-04-04 09:47:00.000000000,1680572820000000000,3052,3054,3051,3053,619,164829,164833
2023-04-04 09:48:00.000000000,1680572880000000000,3053,3055,3052,3054,378,164833,164631
2023-04-04 09:49:00.000000000,1680572940000000000,3054,3054,3052,3052,400,164631,164428
2023-04-04 09:50:00.000000000,1680573000000000000,3052,3053,3050,3050,539,164428,164394
2023-04-04 09:51:00.000000000,1680573060000000000,3050,3052,3050,3051,569,164394,164394
2023-04-04 09:52:00.000000000,1680573120000000000,3051,3052,3050,3052,322,164394,164391
2023-04-04 09:53:00.000000000,1680573180000000000,3052,3053,3050,3051,519,164391,164366
2023-04-04 09:54:00.000000000,1680573240000000000,3051,3051,3050,3051,243,164366,164297
2023-04-04 09:55:00.000000000,1680573300000000000,3051,3053,3051,3052,501,164297,164212
2023-04-04 09:56:00.000000000,1680573360000000000,3052,3053,3052,3052,304,164212,164218
2023-04-04 09:57:00.000000000,1680573420000000000,3052,3053,3051,3052,482,164218,164031
2023-04-04 09:58:00.000000000,1680573480000000000,3052,3052,3050,3052,575,164031,163980
2023-04-04 09:59:00.000000000,1680573540000000000,3052,3053,3050,3053,383,163980,163965
2023-04-04 10:00:00.000000000,1680573600000000000,3053,3054,3050,3050,1108,163965,163706
2023-04-04 10:01:00.000000000,1680573660000000000,3050,3052,3050,3051,317,163706,163719
2023-04-04 10:02:00.000000000,1680573720000000000,3051,3053,3051,3053,506,163719,163617
2023-04-04 10:03:00.000000000,1680573780000000000,3053,3053,3051,3051,327,163617,163545
2023-04-04 10:04:00.000000000,1680573840000000000,3051,3053,3051,3052,621,163545,163437
2023-04-04 10:05:00.000000000,1680573900000000000,3052,3054,3052,3053,651,163437,163350
2023-04-04 10:06:00.000000000,1680573960000000000,3053,3056,3053,3055,1094,163350,163155
2023-04-04 10:07:00.000000000,1680574020000000000,3055,3056,3054,3054,328,163155,163050
2023-04-04 10:08:00.000000000,1680574080000000000,3054,3055,3054,3055,320,163050,162937
2023-04-04 10:09:00.000000000,1680574140000000000,3055,3055,3052,3054,499,162937,162798
2023-04-04 10:10:00.000000000,1680574200000000000,3054,3056,3054,3055,917,162798,162752
2023-04-04 10:11:00.000000000,1680574260000000000,3055,3056,3054,3055,380,162752,162627
2023-04-04 10:12:00.000000000,1680574320000000000,3055,3055,3053,3054,232,162627,162616
2023-04-04 10:13:00.000000000,1680574380000000000,3054,3055,3054,3055,207,162616,162550
2023-04-04 10:14:00.000000000,1680574440000000000,3055,3056,3054,3054,442,162550,162590
2023-04-04 10:30:00.000000000,1680575400000000000,3054,3055,3051,3051,707,162590,162494
2023-04-04 10:31:00.000000000,1680575460000000000,3051,3052,3050,3052,753,162494,162519
2023-04-04 10:32:00.000000000,1680575520000000000,3052,3052,3051,3051,409,162519,162404
2023-04-04 10:33:00.000000000,1680575580000000000,3051,3051,3050,3050,618,162404,162159
2023-04-04 10:34:00.000000000,1680575640000000000,3050,3053,3050,3053,209,162159,162161
2023-04-04 10:35:00.000000000,1680575700000000000,3053,3054,3052,3054,379,162161,162098
2023-04-04 10:36:00.000000000,1680575760000000000,3054,3055,3054,3055,293,162098,161895
2023-04-04 10:37:00.000000000,1680575820000000000,3055,3056,3054,3055,558,161895,162017
2023-04-04 10:38:00.000000000,1680575880000000000,3055,3057,3055,3055,591,162017,162062
2023-04-04 10:39:00.000000000,1680575940000000000,3055,3057,3055,3056,555,162062,161890
2023-04-04 10:40:00.000000000,1680576000000000000,3056,3057,3054,3056,440,161890,161847
2023-04-04 10:41:00.000000000,1680576060000000000,3056,3066,3056,3062,2839,161847,161242
2023-04-04 10:42:00.000000000,1680576120000000000,3062,3063,3059,3060,1252,161242,161368
2023-04-04 10:43:00.000000000,1680576180000000000,3060,3060,3057,3059,507,161368,161380
2023-04-04 10:44:00.000000000,1680576240000000000,3059,3059,3057,3057,189,161380,161462
2023-04-04 10:45:00.000000000,1680576300000000000,3057,3058,3056,3057,382,161462,161558
2023-04-04 10:46:00.000000000,1680576360000000000,3057,3058,3055,3057,324,161558,161668
2023-04-04 10:47:00.000000000,1680576420000000000,3057,3060,3057,3059,418,161668,161680
2023-04-04 10:48:00.000000000,1680576480000000000,3059,3061,3058,3060,453,161680,161738
2023-04-04 10:49:00.000000000,1680576540000000000,3060,3060,3058,3059,471,161738,161755
2023-04-04 10:50:00.000000000,1680576600000000000,3059,3064,3059,3063,909,161755,161834
2023-04-04 10:51:00.000000000,1680576660000000000,3063,3063,3061,3063,463,161834,161826
2023-04-04 10:52:00.000000000,1680576720000000000,3063,3064,3062,3063,428,161826,161966
2023-04-04 10:53:00.000000000,1680576780000000000,3063,3064,3062,3063,478,161966,161985
2023-04-04 10:54:00.000000000,1680576840000000000,3063,3068,3063,3065,2031,161985,161864
2023-04-04 10:55:00.000000000,1680576900000000000,3065,3065,3064,3065,646,161864,161842
2023-04-04 10:56:00.000000000,1680576960000000000,3065,3065,3064,3065,268,161842,161912
2023-04-04 10:57:00.000000000,1680577020000000000,3065,3066,3064,3065,341,161912,161969
2023-04-04 10:58:00.000000000,1680577080000000000,3065,3065,3062,3062,489,161969,161848
2023-04-04 10:59:00.000000000,1680577140000000000,3062,3063,3061,3061,343,161848,161816
2023-04-04 11:00:00.000000000,1680577200000000000,3061,3062,3060,3060,315,161816,161816
2023-04-04 11:01:00.000000000,1680577260000000000,3060,3063,3060,3062,452,161816,161866
2023-04-04 11:02:00.000000000,1680577320000000000,3062,3062,3060,3061,406,161866,161846
2023-04-04 11:03:00.000000000,1680577380000000000,3061,3062,3061,3061,102,161846,161826
2023-04-04 11:04:00.000000000,1680577440000000000,3061,3063,3061,3062,346,161826,161739
2023-04-04 11:05:00.000000000,1680577500000000000,3062,3062,3060,3062,191,161739,161735
2023-04-04 11:06:00.000000000,1680577560000000000,3062,3062,3057,3057,817,161735,161688
2023-04-04 11:07:00.000000000,1680577620000000000,3057,3059,3056,3058,546,161688,161564
2023-04-04 11:08:00.000000000,1680577680000000000,3058,3059,3057,3058,399,161564,161551
2023-04-04 11:09:00.000000000,1680577740000000000,3058,3059,3058,3059,117,161551,161528
2023-04-04 11:10:00.000000000,1680577800000000000,3059,3060,3058,3058,416,161528,161516
2023-04-04 11:11:00.000000000,1680577860000000000,3058,3059,3057,3059,646,161516,161481
2023-04-04 11:12:00.000000000,1680577920000000000,3059,3059,3057,3057,516,161481,161645
2023-04-04 11:13:00.000000000,1680577980000000000,3057,3058,3056,3056,437,161645,161423
2023-04-04 11:14:00.000000000,1680578040000000000,3056,3058,3055,3056,673,161423,161303
2023-04-04 11:15:00.000000000,1680578100000000000,3056,3056,3053,3054,1076,161303,160997
2023-04-04 11:16:00.000000000,1680578160000000000,3054,3056,3053,3056,722,160997,160883
2023-04-04 11:17:00.000000000,1680578220000000000,3056,3057,3055,3056,291,160883,160852
2023-04-04 11:18:00.000000000,1680578280000000000,3056,3057,3055,3055,459,160852,160827
2023-04-04 11:19:00.000000000,1680578340000000000,3055,3055,3054,3054,338,160827,160824
2023-04-04 11:20:00.000000000,1680578400000000000,3054,3055,3053,3054,379,160824,160712
2023-04-04 11:21:00.000000000,1680578460000000000,3054,3057,3054,3056,344,160712,160683
2023-04-04 11:22:00.000000000,1680578520000000000,3056,3057,3056,3056,149,160683,160678
2023-04-04 11:23:00.000000000,1680578580000000000,3056,3057,3056,3056,154,160678,160676
2023-04-04 11:24:00.000000000,1680578640000000000,3056,3058,3056,3057,331,160676,160610
2023-04-04 11:25:00.000000000,1680578700000000000,3057,3059,3057,3057,183,160610,160517
2023-04-04 11:26:00.000000000,1680578760000000000,3057,3058,3057,3057,79,160517,160488
2023-04-04 11:27:00.000000000,1680578820000000000,3057,3058,3057,3058,215,160488,160471
2023-04-04 11:28:00.000000000,1680578880000000000,3058,3060,3057,3059,421,160471,160340
2023-04-04 11:29:00.000000000,1680578940000000000,3059,3062,3059,3060,610,160340,160238
2023-04-04 13:30:00.000000000,1680586200000000000,3061,3064,3061,3063,748,160238,160333
2023-04-04 13:31:00.000000000,1680586260000000000,3063,3068,3063,3067,1831,160333,160478
2023-04-04 13:32:00.000000000,1680586320000000000,3067,3070,3066,3067,1621,160478,160564
2023-04-04 13:33:00.000000000,1680586380000000000,3067,3067,3064,3065,847,160564,160635
2023-04-04 13:34:00.000000000,1680586440000000000,3065,3067,3064,3067,593,160635,160632
2023-04-04 13:35:00.000000000,1680586500000000000,3067,3067,3063,3066,852,160632,160646
2023-04-04 13:36:00.000000000,1680586560000000000,3066,3066,3063,3064,477,160646,160656
2023-04-04 13:37:00.000000000,1680586620000000000,3064,3065,3062,3064,664,160656,160546
2023-04-04 13:38:00.000000000,1680586680000000000,3064,3065,3062,3064,911,160546,160243
2023-04-04 13:39:00.000000000,1680586740000000000,3064,3066,3064,3066,466,160243,160197
2023-04-04 13:40:00.000000000,1680586800000000000,3066,3068,3065,3065,769,160197,160367
2023-04-04 13:41:00.000000000,1680586860000000000,3065,3067,3065,3065,512,160367,160103
2023-04-04 13:42:00.000000000,1680586920000000000,3065,3066,3064,3064,362,160103,160035
2023-04-04 13:43:00.000000000,1680586980000000000,3064,3066,3063,3065,404,160035,159902
2023-04-04 13:44:00.000000000,1680587040000000000,3065,3065,3063,3064,318,159902,159743
2023-04-04 13:45:00.000000000,1680587100000000000,3064,3064,3056,3057,1498,159743,159639
2023-04-04 13:46:00.000000000,1680587160000000000,3057,3060,3057,3060,818,159639,159618
2023-04-04 13:47:00.000000000,1680587220000000000,3060,3061,3059,3060,570,159618,159739
2023-04-04 13:48:00.000000000,1680587280000000000,3060,3061,3059,3061,350,159739,159651
2023-04-04 13:49:00.000000000,1680587340000000000,3061,3061,3056,3056,941,159651,159486
2023-04-04 13:50:00.000000000,1680587400000000000,3056,3059,3056,3057,360,159486,159426
2023-04-04 13:51:00.000000000,1680587460000000000,3057,3059,3057,3058,216,159426,159402
2023-04-04 13:52:00.000000000,1680587520000000000,3058,3060,3058,3058,298,159402,159355
2023-04-04 13:53:00.000000000,1680587580000000000,3058,3060,3058,3060,148,159355,159355
2023-04-04 13:54:00.000000000,1680587640000000000,3060,3060,3058,3059,277,159355,159299
2023-04-04 13:55:00.000000000,1680587700000000000,3059,3062,3058,3062,593,159299,159173
2023-04-04 13:56:00.000000000,1680587760000000000,3062,3062,3059,3059,434,159173,158979
2023-04-04 13:57:00.000000000,1680587820000000000,3059,3061,3059,3060,152,158979,158979
2023-04-04 13:58:00.000000000,1680587880000000000,3060,3061,3059,3059,363,158979,158879
2023-04-04 13:59:00.000000000,1680587940000000000,3059,3059,3058,3058,237,158879,158829
2023-04-04 14:00:00.000000000,1680588000000000000,3058,3059,3058,3059,304,158829,158838
2023-04-04 14:01:00.000000000,1680588060000000000,3059,3060,3057,3059,414,158838,158950
2023-04-04 14:02:00.000000000,1680588120000000000,3059,3060,3058,3060,306,158950,158964
2023-04-04 14:03:00.000000000,1680588180000000000,3060,3060,3057,3059,517,158964,158973
2023-04-04 14:04:00.000000000,1680588240000000000,3059,3060,3058,3060,137,158973,158956
2023-04-04 14:05:00.000000000,1680588300000000000,3060,3061,3059,3060,192,158956,158893
2023-04-04 14:06:00.000000000,1680588360000000000,3060,3061,3059,3060,208,158893,158897
2023-04-04 14:07:00.000000000,1680588420000000000,3060,3061,3059,3060,226,158897,158878
2023-04-04 14:08:00.000000000,1680588480000000000,3060,3060,3059,3060,64,158878,158882
2023-04-04 14:09:00.000000000,1680588540000000000,3060,3060,3058,3059,271,158882,158701
2023-04-04 14:10:00.000000000,1680588600000000000,3059,3060,3059,3059,90,158701,158690
2023-04-04 14:11:00.000000000,1680588660000000000,3059,3060,3057,3057,349,158690,158518
2023-04-04 14:12:00.000000000,1680588720000000000,3057,3058,3056,3057,513,158518,158334
2023-04-04 14:13:00.000000000,1680588780000000000,3057,3057,3056,3057,201,158334,158336
2023-04-04 14:14:00.000000000,1680588840000000000,3057,3057,3056,3056,146,158336,158301
2023-04-04 14:15:00.000000000,1680588900000000000,3056,3059,3056,3058,477,158301,158383
2023-04-04 14:16:00.000000000,1680588960000000000,3058,3060,3058,3059,333,158383,158318
2023-04-04 14:17:00.000000000,1680589020000000000,3059,3060,3059,3060,202,158318,158196
2023-04-04 14:18:00.000000000,1680589080000000000,3060,3061,3059,3061,354,158196,158167
2023-04-04 14:19:00.000000000,1680589140000000000,3061,3061,3059,3061,307,158167,158223
2023-04-04 14:20:00.000000000,1680589200000000000,3061,3061,3059,3060,203,158223,158220
2023-04-04 14:21:00.000000000,1680589260000000000,3060,3061,3059,3061,78,158220,158205
2023-04-04 14:22:00.000000000,1680589320000000000,3061,3061,3060,3061,237,158205,158094
2023-04-04 14:23:00.000000000,1680589380000000000,3061,3062,3060,3062,282,158094,158080
2023-04-04 14:24:00.000000000,1680589440000000000,3062,3062,3060,3061,125,158080,158069
2023-04-04 14:25:00.000000000,1680589500000000000,3061,3061,3060,3060,87,158069,158039
2023-04-04 14:26:00.000000000,1680589560000000000,3060,3060,3059,3060,172,158039,158014
2023-04-04 14:27:00.000000000,1680589620000000000,3060,3062,3059,3061,469,158014,157893
2023-04-04 14:28:00.000000000,1680589680000000000,3061,3062,3061,3062,246,157893,157822
2023-04-04 14:29:00.000000000,1680589740000000000,3062,3063,3061,3063,525,157822,157775
2023-04-04 14:30:00.000000000,1680589800000000000,3063,3066,3061,3065,1015,157775,157793
2023-04-04 14:31:00.000000000,1680589860000000000,3065,3066,3064,3065,429,157793,157761
2023-04-04 14:32:00.000000000,1680589920000000000,3065,3066,3063,3063,558,157761,157671
2023-04-04 14:33:00.000000000,1680589980000000000,3063,3065,3063,3065,452,157671,157703
2023-04-04 14:34:00.000000000,1680590040000000000,3065,3065,3063,3064,320,157703,157726
2023-04-04 14:35:00.000000000,1680590100000000000,3064,3065,3064,3065,322,157726,157716
2023-04-04 14:36:00.000000000,1680590160000000000,3065,3069,3064,3067,960,157716,157570
2023-04-04 14:37:00.000000000,1680590220000000000,3067,3072,3067,3069,1888,157570,157674
2023-04-04 14:38:00.000000000,1680590280000000000,3069,3080,3069,3077,2715,157674,157605
2023-04-04 14:39:00.000000000,1680590340000000000,3077,3079,3071,3071,2442,157605,157867
2023-04-04 14:40:00.000000000,1680590400000000000,3071,3074,3069,3073,924,157867,157874
2023-04-04 14:41:00.000000000,1680590460000000000,3073,3074,3072,3072,688,157874,157813
2023-04-04 14:42:00.000000000,1680590520000000000,3072,3073,3069,3071,1043,157813,157580
2023-04-04 14:43:00.000000000,1680590580000000000,3071,3071,3067,3069,881,157580,157478
2023-04-04 14:44:00.000000000,1680590640000000000,3069,3071,3068,3070,777,157478,157398
2023-04-04 14:45:00.000000000,1680590700000000000,3070,3070,3066,3067,1299,157398,156942
2023-04-04 14:46:00.000000000,1680590760000000000,3067,3067,3065,3066,564,156942,156750
2023-04-04 14:47:00.000000000,1680590820000000000,3066,3066,3064,3065,677,156750,156612
2023-04-04 14:48:00.000000000,1680590880000000000,3065,3066,3064,3066,449,156612,156466
2023-04-04 14:49:00.000000000,1680590940000000000,3066,3068,3065,3065,759,156466,156214
2023-04-04 14:50:00.000000000,1680591000000000000,3065,3068,3065,3068,512,156214,156039
2023-04-04 14:51:00.000000000,1680591060000000000,3068,3070,3068,3070,801,156039,155786
2023-04-04 14:52:00.000000000,1680591120000000000,3070,3074,3069,3073,1221,155786,155341
2023-04-04 14:53:00.000000000,1680591180000000000,3073,3073,3071,3072,1396,155341,154651
2023-04-04 14:54:00.000000000,1680591240000000000,3072,3075,3071,3074,1270,154651,154387
2023-04-04 14:55:00.000000000,1680591300000000000,3074,3076,3073,3075,1610,154387,154115
2023-04-04 14:56:00.000000000,1680591360000000000,3075,3076,3071,3072,901,154115,153865
2023-04-04 14:57:00.000000000,1680591420000000000,3072,3072,3069,3072,1474,153865,153265
2023-04-04 14:58:00.000000000,1680591480000000000,3072,3075,3071,3074,1794,153265,152795
2023-04-04 14:59:00.000000000,1680591540000000000,3074,3090,3074,3084,5046,152795,151811
2023-04-06 09:00:00.000000000,1680742800000000000,3101,3115,3085,3091,10398,151811,151505
2023-04-06 09:01:00.000000000,1680742860000000000,3091,3091,3084,3088,4382,151505,151295
2023-04-06 09:02:00.000000000,1680742920000000000,3088,3103,3087,3102,3915,151295,150731
2023-04-06 09:03:00.000000000,1680742980000000000,3102,3102,3093,3095,2524,150731,150862
2023-04-06 09:04:00.000000000,1680743040000000000,3095,3103,3094,3100,2387,150862,150512
2023-04-06 09:05:00.000000000,1680743100000000000,3100,3112,3099,3112,3680,150512,150728
2023-04-06 09:06:00.000000000,1680743160000000000,3112,3123,3111,3121,5032,150728,151352
2023-04-06 09:07:00.000000000,1680743220000000000,3121,3121,3113,3114,2116,151352,151368
2023-04-06 09:08:00.000000000,1680743280000000000,3114,3115,3111,3113,1969,151368,151474
2023-04-06 09:09:00.000000000,1680743340000000000,3113,3120,3112,3118,1783,151474,151811
2023-04-06 09:10:00.000000000,1680743400000000000,3118,3120,3115,3119,1542,151811,151830
2023-04-06 09:11:00.000000000,1680743460000000000,3119,3122,3118,3122,1934,151830,152188
2023-04-06 09:12:00.000000000,1680743520000000000,3122,3125,3118,3118,2202,152188,152038
2023-04-06 09:13:00.000000000,1680743580000000000,3118,3120,3113,3114,1789,152038,151722
2023-04-06 09:14:00.000000000,1680743640000000000,3114,3114,3106,3106,1777,151722,151363
2023-04-06 09:15:00.000000000,1680743700000000000,3106,3112,3106,3110,1293,151363,151428
2023-04-06 09:16:00.000000000,1680743760000000000,3110,3112,3109,3110,798,151428,151284
2023-04-06 09:17:00.000000000,1680743820000000000,3110,3112,3102,3102,2533,151284,150887
2023-04-06 09:18:00.000000000,1680743880000000000,3102,3102,3097,3099,2463,150887,150392
2023-04-06 09:19:00.000000000,1680743940000000000,3099,3099,3093,3095,2102,150392,150219
2023-04-06 09:20:00.000000000,1680744000000000000,3095,3106,3094,3104,1712,150219,150268
2023-04-06 09:21:00.000000000,1680744060000000000,3104,3105,3097,3099,1087,150268,150168
2023-04-06 09:22:00.000000000,1680744120000000000,3099,3099,3095,3097,892,150168,150046
2023-04-06 09:23:00.000000000,1680744180000000000,3097,3099,3094,3099,1052,150046,149904
2023-04-06 09:24:00.000000000,1680744240000000000,3099,3100,3098,3099,613,149904,149689
2023-04-06 09:25:00.000000000,1680744300000000000,3099,3106,3098,3102,1149,149689,149842
2023-04-06 09:26:00.000000000,1680744360000000000,3102,3109,3101,3105,1928,149842,149459
2023-04-06 09:27:00.000000000,1680744420000000000,3105,3105,3099,3099,708,149459,149598
2023-04-06 09:28:00.000000000,1680744480000000000,3099,3104,3098,3104,543,149598,149640
2023-04-06 09:29:00.000000000,1680744540000000000,3104,3107,3103,3105,749,149640,149562
2023-04-06 09:30:00.000000000,1680744600000000000,3105,3108,3103,3108,646,149562,149547
2023-04-06 09:31:00.000000000,1680744660000000000,3108,3108,3103,3103,684,149547,149458
2023-04-06 09:32:00.000000000,1680744720000000000,3103,3110,3103,3110,981,149458,149417
2023-04-06 09:33:00.000000000,1680744780000000000,3110,3116,3108,3116,1113,149417,149200
2023-04-06 09:34:00.000000000,1680744840000000000,3116,3116,3113,3114,1104,149200,149351
2023-04-06 09:35:00.000000000,1680744900000000000,3114,3119,3114,3118,1527,149351,149087
2023-04-06 09:36:00.000000000,1680744960000000000,3118,3122,3114,3117,1469,149087,148832
2023-04-06 09:37:00.000000000,1680745020000000000,3117,3118,3113,3114,933,148832,148826
2023-04-06 09:38:00.000000000,1680745080000000000,3114,3120,3114,3119,848,148826,148973
2023-04-06 09:39:00.000000000,1680745140000000000,3119,3122,3118,3121,1290,148973,148836
2023-04-06 09:40:00.000000000,1680745200000000000,3121,3124,3120,3122,1361,148836,148884
2023-04-06 09:41:00.000000000,1680745260000000000,3122,3123,3119,3122,962,148884,149104
2023-04-06 09:42:00.000000000,1680745320000000000,3122,3134,3121,3129,2922,149104,149337
2023-04-06 09:43:00.000000000,1680745380000000000,3129,3131,3124,3126,1057,149337,149537
2023-04-06 09:44:00.000000000,1680745440000000000,3126,3130,3126,3129,1078,149537,149749
2023-04-06 09:45:00.000000000,1680745500000000000,3129,3132,3128,3128,1233,149749,149929
2023-04-06 09:46:00.000000000,1680745560000000000,3128,3140,3128,3139,2659,149929,150076
2023-04-06 09:47:00.000000000,1680745620000000000,3139,3139,3129,3130,1601,150076,150280
2023-04-06 09:48:00.000000000,1680745680000000000,3130,3130,3122,3123,1446,150280,150091
2023-04-06 09:49:00.000000000,1680745740000000000,3123,3127,3122,3123,942,150091,149866
2023-04-06 09:50:00.000000000,1680745800000000000,3123,3125,3119,3123,1234,149866,149549
2023-04-06 09:51:00.000000000,1680745860000000000,3123,3123,3119,3122,932,149549,149222
2023-04-06 09:52:00.000000000,1680745920000000000,3122,3126,3122,3124,724,149222,149147
2023-04-06 09:53:00.000000000,1680745980000000000,3124,3124,3122,3124,562,149147,149149
2023-04-06 09:54:00.000000000,1680746040000000000,3124,3126,3123,3125,410,149149,149105
2023-04-06 09:55:00.000000000,1680746100000000000,3125,3125,3119,3120,539,149105,149045
2023-04-06 09:56:00.000000000,1680746160000000000,3120,3125,3119,3124,611,149045,148870
2023-04-06 09:57:00.000000000,1680746220000000000,3124,3130,3123,3130,720,148870,148795
2023-04-06 09:58:00.000000000,1680746280000000000,3130,3131,3127,3128,610,148795,148772
2023-04-06 09:59:00.000000000,1680746340000000000,3128,3129,3126,3126,210,148772,148744
2023-04-06 10:00:00.000000000,1680746400000000000,3126,3127,3123,3125,392,148744,148731
2023-04-06 10:01:00.000000000,1680746460000000000,3125,3128,3125,3126,213,148731,148767
2023-04-06 10:02:00.000000000,1680746520000000000,3126,3126,3118,3121,984,148767,148484
2023-04-06 10:03:00.000000000,1680746580000000000,3121,3121,3118,3120,827,148484,148431
2023-04-06 10:04:00.000000000,1680746640000000000,3120,3121,3118,3119,523,148431,148372
2023-04-06 10:05:00.000000000,1680746700000000000,3119,3124,3119,3123,709,148372,148128
2023-04-06 10:06:00.000000000,1680746760000000000,3123,3126,3123,3124,491,148128,148063
2023-04-06 10:07:00.000000000,1680746820000000000,3124,3127,3123,3125,601,148063,147988
2023-04-06 10:08:00.000000000,1680746880000000000,3125,3126,3124,3125,67,147988,148002
2023-04-06 10:09:00.000000000,1680746940000000000,3125,3126,3125,3126,106,148002,148029
2023-04-06 10:10:00.000000000,1680747000000000000,3126,3127,3125,3126,388,148029,148023
2023-04-06 10:11:00.000000000,1680747060000000000,3126,3130,3126,3128,561,148023,147984
2023-04-06 10:12:00.000000000,1680747120000000000,3128,3128,3127,3128,296,147984,148026
2023-04-06 10:13:00.000000000,1680747180000000000,3128,3130,3128,3129,404,148026,147983
2023-04-06 10:14:00.000000000,1680747240000000000,3129,3129,3124,3127,304,147983,147877
2023-04-06 10:30:00.000000000,1680748200000000000,3126,3127,3125,3127,299,147877,147929
2023-04-06 10:31:00.000000000,1680748260000000000,3127,3130,3124,3129,619,147929,147843
2023-04-06 10:32:00.000000000,1680748320000000000,3129,3130,3128,3129,583,147843,147707
2023-04-06 10:33:00.000000000,1680748380000000000,3129,3130,3127,3128,402,147707,147583
2023-04-06 10:34:00.000000000,1680748440000000000,3128,3128,3125,3126,340,147583,147560
2023-04-06 10:35:00.000000000,1680748500000000000,3126,3127,3125,3127,292,147560,147623
2023-04-06 10:36:00.000000000,1680748560000000000,3127,3127,3125,3125,286,147623,147552
2023-04-06 10:37:00.000000000,1680748620000000000,3125,3132,3125,3130,1003,147552,147508
2023-04-06 10:38:00.000000000,1680748680000000000,3130,3132,3130,3130,684,147508,147123
2023-04-06 10:39:00.000000000,1680748740000000000,3130,3130,3128,3130,515,147123,147053
2023-04-06 10:40:00.000000000,1680748800000000000,3130,3132,3129,3132,450,147053,147078
2023-04-06 10:41:00.000000000,1680748860000000000,3132,3133,3130,3131,597,147078,147189
2023-04-06 10:42:00.000000000,1680748920000000000,3131,3135,3130,3132,984,147189,146968
2023-04-06 10:43:00.000000000,1680748980000000000,3132,3133,3130,3130,478,146968,146950
2023-04-06 10:44:00.000000000,1680749040000000000,3130,3135,3130,3135,606,146950,147055
2023-04-06 10:45:00.000000000,1680749100000000000,3135,3137,3134,3137,834,147055,147108
2023-04-06 10:46:00.000000000,1680749160000000000,3137,3138,3134,3134,803,147108,147199
2023-04-06 10:47:00.000000000,1680749220000000000,3134,3135,3132,3133,508,147199,147043
2023-04-06 10:48:00.000000000,1680749280000000000,3133,3134,3130,3131,741,147043,146861
2023-04-06 10:49:00.000000000,1680749340000000000,3131,3133,3131,3132,537,146861,146781
2023-04-06 10:50:00.000000000,1680749400000000000,3132,3134,3131,3132,604,146781,146739
2023-04-06 10:51:00.000000000,1680749460000000000,3132,3132,3130,3130,271,146739,146739
2023-04-06 10:52:00.000000000,1680749520000000000,3130,3130,3127,3129,914,146739,146891
2023-04-06 10:53:00.000000000,1680749580000000000,3129,3130,3128,3129,338,146891,146806
2023-04-06 10:54:00.000000000,1680749640000000000,3129,3131,3128,3130,445,146806,146850
2023-04-06 10:55:00.000000000,1680749700000000000,3130,3135,3129,3134,438,146850,146789
2023-04-06 10:56:00.000000000,1680749760000000000,3134,3136,3133,3134,412,146789,146748
2023-04-06 10:57:00.000000000,1680749820000000000,3134,3135,3132,3132,274,146748,146775
2023-04-06 10:58:00.000000000,1680749880000000000,3132,3134,3131,3134,401,146775,146598
2023-04-06 10:59:00.000000000,1680749940000000000,3134,3134,3128,3129,714,146598,146336
2023-04-06 11:00:00.000000000,1680750000000000000,3129,3131,3127,3131,642,146336,146240
2023-04-06 11:01:00.000000000,1680750060000000000,3131,3140,3131,3138,1577,146240,145992
2023-04-06 11:02:00.000000000,1680750120000000000,3138,3138,3134,3135,438,145992,145966
2023-04-06 11:03:00.000000000,1680750180000000000,3135,3137,3134,3136,433,145966,145772
2023-04-06 11:04:00.000000000,1680750240000000000,3136,3137,3135,3135,412,145772,145769
2023-04-06 11:05:00.000000000,1680750300000000000,3135,3138,3135,3138,650,145769,145967
2023-04-06 11:06:00.000000000,1680750360000000000,3138,3145,3138,3144,1278,145967,145827
2023-04-06 11:07:00.000000000,1680750420000000000,3144,3144,3140,3141,689,145827,145741
2023-04-06 11:08:00.000000000,1680750480000000000,3141,3142,3141,3141,372,145741,145730
2023-04-06 11:09:00.000000000,1680750540000000000,3141,3143,3141,3141,468,145730,145638
2023-04-06 11:10:00.000000000,1680750600000000000,3141,3142,3140,3140,476,145638,145586
2023-04-06 11:11:00.000000000,1680750660000000000,3140,3140,3137,3137,406,145586,145614
2023-04-06 11:12:00.000000000,1680750720000000000,3137,3140,3136,3139,413,145614,145641
2023-04-06 11:13:00.000000000,1680750780000000000,3139,3140,3138,3139,334,145641,145585
2023-04-06 11:14:00.000000000,1680750840000000000,3139,3141,3139,3140,365,145585,145437
2023-04-06 11:15:00.000000000,1680750900000000000,3140,3141,3139,3139,317,145437,145396
2023-04-06 11:16:00.000000000,1680750960000000000,3139,3140,3136,3136,277,145396,145389
2023-04-06 11:17:00.000000000,1680751020000000000,3136,3139,3136,3137,298,145389,145370
2023-04-06 11:18:00.000000000,1680751080000000000,3137,3141,3135,3141,787,145370,145257
2023-04-06 11:19:00.000000000,1680751140000000000,3141,3142,3139,3141,492,145257,145208
2023-04-06 11:20:00.000000000,1680751200000000000,3141,3142,3140,3142,433,145208,145067
2023-04-06 11:21:00.000000000,1680751260000000000,3142,3145,3141,3142,806,145067,144947
2023-04-06 11:22:00.000000000,1680751320000000000,3142,3145,3142,3144,592,144947,144866
2023-04-06 11:23:00.000000000,1680751380000000000,3144,3145,3142,3143,237,144866,144776
2023-04-06 11:24:00.000000000,1680751440000000000,3143,3143,3139,3141,656,144776,144610
2023-04-06 11:25:00.000000000,1680751500000000000,3141,3142,3139,3140,334,144610,144493
2023-04-06 11:26:00.000000000,1680751560000000000,3140,3142,3138,3140,627,144493,144365
2023-04-06 11:27:00.000000000,1680751620000000000,3140,3143,3140,3142,417,144365,144393
2023-04-06 11:28:00.000000000,1680751680000000000,3142,3148,3142,3147,1150,144393,144532
2023-04-06 11:29:00.000000000,1680751740000000000,3147,3150,3145,3147,1271,144532,144551
2023-04-06 13:30:00.000000000,1680759000000000000,3150,3157,3148,3154,2209,144551,144856
2023-04-06 13:31:00.000000000,1680759060000000000,3154,3155,3148,3148,1358,144856,144942
2023-04-06 13:32:00.000000000,1680759120000000000,3148,3149,3146,3147,946,144942,144657
2023-04-06 13:33:00.000000000,1680759180000000000,3147,3153,3147,3152,1143,144657,145024
2023-04-06 13:34:00.000000000,1680759240000000000,3152,3153,3150,3151,1113,145024,144978
2023-04-06 13:35:00.000000000,1680759300000000000,3151,3162,3150,3161,1565,144978,144933
2023-04-06 13:36:00.000000000,1680759360000000000,3161,3163,3158,3159,1619,144933,145094
2023-04-06 13:37:00.000000000,1680759420000000000,3159,3162,3159,3161,1067,145094,145240
2023-04-06 13:38:00.000000000,1680759480000000000,3161,3162,3160,3162,834,145240,145444
2023-04-06 13:39:00.000000000,1680759540000000000,3162,3162,3158,3158,680,145444,145598
2023-04-06 13:40:00.000000000,1680759600000000000,3158,3159,3157,3158,658,145598,145516
2023-04-06 13:41:00.000000000,1680759660000000000,3158,3158,3155,3158,877,145516,145343
2023-04-06 13:42:00.000000000,1680759720000000000,3158,3158,3155,3157,513,145343,145283
2023-04-06 13:43:00.000000000,1680759780000000000,3157,3160,3157,3159,551,145283,145357
2023-04-06 13:44:00.000000000,1680759840000000000,3159,3160,3156,3158,535,145357,145407
2023-04-06 13:45:00.000000000,1680759900000000000,3158,3158,3154,3156,896,145407,145060
2023-04-06 13:46:00.000000000,1680759960000000000,3156,3157,3155,3157,413,145060,145012
2023-04-06 13:47:00.000000000,1680760020000000000,3157,3157,3156,3157,664,145012,145030
2023-04-06 13:48:00.000000000,1680760080000000000,3157,3159,3157,3158,347,145030,144973
2023-04-06 13:49:00.000000000,1680760140000000000,3158,3159,3157,3158,465,144973,144995
2023-04-06 13:50:00.000000000,1680760200000000000,3158,3159,3157,3158,289,144995,145083
2023-04-06 13:51:00.000000000,1680760260000000000,3158,3160,3157,3159,346,145083,145077
2023-04-06 13:52:00.000000000,1680760320000000000,3159,3167,3159,3167,1634,145077,145092
2023-04-06 13:53:00.000000000,1680760380000000000,3167,3174,3166,3172,2944,145092,144888
2023-04-06 13:54:00.000000000,1680760440000000000,3172,3180,3172,3176,2414,144888,144591
2023-04-06 13:55:00.000000000,1680760500000000000,3176,3177,3170,3173,1115,144591,144586
2023-04-06 13:56:00.000000000,1680760560000000000,3173,3175,3173,3175,667,144586,144649
2023-04-06 13:57:00.000000000,1680760620000000000,3175,3184,3174,3183,2672,144649,145106
2023-04-06 13:58:00.000000000,1680760680000000000,3183,3183,3177,3179,1900,145106,145163
2023-04-06 13:59:00.000000000,1680760740000000000,3179,3180,3177,3180,920,145163,145473
2023-04-06 14:00:00.000000000,1680760800000000000,3180,3180,3175,3177,1006,145473,145556
2023-04-06 14:01:00.000000000,1680760860000000000,3177,3178,3174,3176,1011,145556,145674
2023-04-06 14:02:00.000000000,1680760920000000000,3176,3176,3174,3174,653,145674,145835
2023-04-06 14:03:00.000000000,1680760980000000000,3174,3177,3173,3177,1402,145835,145426
2023-04-06 14:04:00.000000000,1680761040000000000,3177,3181,3176,3177,1112,145426,145277
2023-04-06 14:05:00.000000000,1680761100000000000,3177,3183,3177,3179,1402,145277,145381
2023-04-06 14:06:00.000000000,1680761160000000000,3179,3180,3170,3171,1631,145381,145026
2023-04-06 14:07:00.000000000,1680761220000000000,3171,3176,3170,3174,812,145026,145040
2023-04-06 14:08:00.000000000,1680761280000000000,3174,3182,3173,3175,984,145040,144922
2023-04-06 14:09:00.000000000,1680761340000000000,3175,3177,3174,3176,330,144922,144843
2023-04-06 14:10:00.000000000,1680761400000000000,3176,3177,3175,3175,851,144843,144554
2023-04-06 14:11:00.000000000,1680761460000000000,3175,3178,3175,3176,399,144554,144635
2023-04-06 14:12:00.000000000,1680761520000000000,3176,3177,3174,3175,715,144635,144794
2023-04-06 14:13:00.000000000,1680761580000000000,3175,3176,3173,3175,648,144794,144687
2023-04-06 14:14:00.000000000,1680761640000000000,3175,3176,3173,3173,311,144687,144572
2023-04-06 14:15:00.000000000,1680761700000000000,3173,3174,3172,3174,453,144572,144522
2023-04-06 14:16:00.000000000,1680761760000000000,3174,3178,3173,3175,619,144522,144447
2023-04-06 14:17:00.000000000,1680761820000000000,3175,3176,3172,3174,770,144447,144297
2023-04-06 14:18:00.000000000,1680761880000000000,3174,3176,3173,3175,379,144297,144399
2023-04-06 14:19:00.000000000,1680761940000000000,3175,3176,3174,3175,160,144399,144385
2023-04-06 14:20:00.000000000,1680762000000000000,3175,3181,3175,3181,1072,144385,144423
2023-04-06 14:21:00.000000000,1680762060000000000,3181,3182,3177,3181,834,144423,144309
2023-04-06 14:22:00.000000000,1680762120000000000,3181,3181,3178,3178,643,144309,144230
2023-04-06 14:23:00.000000000,1680762180000000000,3178,3180,3178,3178,532,144230,144117
2023-04-06 14:24:00.000000000,1680762240000000000,3178,3180,3177,3179,255,144117,144205
2023-04-06 14:25:00.000000000,1680762300000000000,3179,3180,3177,3177,414,144205,144097
2023-04-06 14:26:00.000000000,1680762360000000000,3177,3179,3177,3178,358,144097,144140
2023-04-06 14:27:00.000000000,1680762420000000000,3178,3182,3178,3182,783,144140,144269
2023-04-06 14:28:00.000000000,1680762480000000000,3182,3182,3180,3182,283,144269,144161
2023-04-06 14:29:00.000000000,1680762540000000000,3182,3182,3180,3181,444,144161,144108
2023-04-06 14:30:00.000000000,1680762600000000000,3181,3182,3180,3181,488,144108,144054
2023-04-06 14:31:00.000000000,1680762660000000000,3181,3182,3178,3179,516,144054,144100
2023-04-06 14:32:00.000000000,1680762720000000000,3179,3181,3179,3181,455,144100,143959
2023-04-06 14:33:00.000000000,1680762780000000000,3181,3182,3179,3181,466,143959,143983
2023-04-06 14:34:00.000000000,1680762840000000000,3181,3189,3181,3183,1837,143983,143647
2023-04-06 14:35:00.000000000,1680762900000000000,3183,3185,3183,3183,465,143647,143708
2023-04-06 14:36:00.000000000,1680762960000000000,3183,3185,3182,3184,816,143708,143740
2023-04-06 14:37:00.000000000,1680763020000000000,3184,3188,3183,3187,1095,143740,143967
2023-04-06 14:38:00.000000000,1680763080000000000,3187,3188,3185,3187,496,143967,144086
2023-04-06 14:39:00.000000000,1680763140000000000,3187,3189,3187,3189,547,144086,144108
2023-04-06 14:40:00.000000000,1680763200000000000,3189,3189,3186,3186,790,144108,144107
2023-04-06 14:41:00.000000000,1680763260000000000,3186,3188,3185,3185,457,144107,144065
2023-04-06 14:42:00.000000000,1680763320000000000,3185,3187,3181,3181,817,144065,144041
2023-04-06 14:43:00.000000000,1680763380000000000,3181,3182,3178,3178,1157,144041,143629
2023-04-06 14:44:00.000000000,1680763440000000000,3178,3180,3177,3180,585,143629,143538
2023-04-06 14:45:00.000000000,1680763500000000000,3180,3181,3179,3180,329,143538,143586
2023-04-06 14:46:00.000000000,1680763560000000000,3180,3182,3180,3182,396,143586,143640
2023-04-06 14:47:00.000000000,1680763620000000000,3182,3182,3180,3180,444,143640,143526
2023-04-06 14:48:00.000000000,1680763680000000000,3180,3182,3180,3182,314,143526,143623
2023-04-06 14:49:00.000000000,1680763740000000000,3182,3182,3179,3180,383,143623,143660
2023-04-06 14:50:00.000000000,1680763800000000000,3180,3185,3180,3184,779,143660,143719
2023-04-06 14:51:00.000000000,1680763860000000000,3184,3185,3182,3184,585,143719,143711
2023-04-06 14:52:00.000000000,1680763920000000000,3184,3193,3184,3190,1951,143711,143406
2023-04-06 14:53:00.000000000,1680763980000000000,3190,3199,3190,3197,2587,143406,143310
2023-04-06 14:54:00.000000000,1680764040000000000,3197,3207,3197,3200,4246,143310,143476
2023-04-06 14:55:00.000000000,1680764100000000000,3200,3200,3198,3199,1052,143476,143670
2023-04-06 14:56:00.000000000,1680764160000000000,3199,3199,3193,3193,1376,143670,143292
2023-04-06 14:57:00.000000000,1680764220000000000,3193,3199,3193,3199,1201,143292,143555
2023-04-06 14:58:00.000000000,1680764280000000000,3199,3200,3197,3198,1155,143555,143512
2023-04-06 14:59:00.000000000,1680764340000000000,3198,3200,3196,3197,2741,143512,143204
2023-04-06 21:00:00.000000000,1680786000000000000,3220,3232,3214,3226,9313,143204,143558
2023-04-06 21:01:00.000000000,1680786060000000000,3226,3233,3223,3232,3074,143558,144179
2023-04-06 21:02:00.000000000,1680786120000000000,3232,3233,3229,3231,2647,144179,144811
2023-04-06 21:03:00.000000000,1680786180000000000,3231,3231,3225,3225,1724,144811,145081
2023-04-06 21:04:00.000000000,1680786240000000000,3225,3235,3224,3234,2929,145081,145751
2023-04-06 21:05:00.000000000,1680786300000000000,3234,3255,3233,3242,5190,145751,146247
2023-04-06 21:06:00.000000000,1680786360000000000,3242,3251,3240,3249,2759,146247,146494
2023-04-06 21:07:00.000000000,1680786420000000000,3249,3252,3245,3249,2537,146494,147103
2023-04-06 21:08:00.000000000,1680786480000000000,3249,3250,3247,3247,1787,147103,147322
2023-04-06 21:09:00.000000000,1680786540000000000,3247,3248,3241,3241,2108,147322,147333
2023-04-06 21:10:00.000000000,1680786600000000000,3241,3241,3233,3234,2584,147333,146662
2023-04-06 21:11:00.000000000,1680786660000000000,3234,3234,3226,3232,2891,146662,146676
2023-04-06 21:12:00.000000000,1680786720000000000,3232,3233,3230,3232,1224,146676,146726
2023-04-06 21:13:00.000000000,1680786780000000000,3232,3232,3228,3228,1322,146726,146761
2023-04-06 21:14:00.000000000,1680786840000000000,3228,3229,3224,3228,1392,146761,146784
2023-04-06 21:15:00.000000000,1680786900000000000,3228,3228,3215,3216,3848,146784,146737
2023-04-06 21:16:00.000000000,1680786960000000000,3216,3216,3202,3214,4866,146737,145871
2023-04-06 21:17:00.000000000,1680787020000000000,3214,3224,3213,3218,3273,145871,146157
2023-04-06 21:18:00.000000000,1680787080000000000,3218,3220,3212,3214,1545,146157,146036
2023-04-06 21:19:00.000000000,1680787140000000000,3214,3215,3204,3204,2765,146036,145642
2023-04-06 21:20:00.000000000,1680787200000000000,3204,3213,3204,3213,1868,145642,145806
2023-04-06 21:21:00.000000000,1680787260000000000,3213,3213,3204,3207,1942,145806,145774
2023-04-06 21:22:00.000000000,1680787320000000000,3207,3207,3196,3197,2284,145774,145260
2023-04-06 21:23:00.000000000,1680787380000000000,3197,3197,3184,3193,6460,145260,144500
2023-04-06 21:24:00.000000000,1680787440000000000,3193,3195,3188,3188,3264,144500,144550
2023-04-06 21:25:00.000000000,1680787500000000000,3188,3193,3187,3192,2088,144550,144223
2023-04-06 21:26:00.000000000,1680787560000000000,3192,3204,3192,3202,3271,144223,144068
2023-04-06 21:27:00.000000000,1680787620000000000,3202,3203,3193,3195,1693,144068,144253
2023-04-06 21:28:00.000000000,1680787680000000000,3195,3201,3194,3198,1151,144253,144153
2023-04-06 21:29:00.000000000,1680787740000000000,3198,3200,3196,3198,843,144153,144203
2023-04-06 21:30:00.000000000,1680787800000000000,3198,3200,3197,3197,874,144203,144177
2023-04-06 21:31:00.000000000,1680787860000000000,3197,3197,3178,3181,4237,144177,143438
2023-04-06 21:32:00.000000000,1680787920000000000,3181,3181,3164,3174,5508,143438,142667
2023-04-06 21:33:00.000000000,1680787980000000000,3174,3179,3174,3179,2372,142667,142768
2023-04-06 21:34:00.000000000,1680788040000000000,3179,3184,3174,3174,2337,142768,142826
2023-04-06 21:35:00.000000000,1680788100000000000,3174,3174,3163,3167,3634,142826,142536
2023-04-06 21:36:00.000000000,1680788160000000000,3167,3173,3165,3170,2535,142536,142043
2023-04-06 21:37:00.000000000,1680788220000000000,3170,3170,3161,3166,2776,142043,142132
2023-04-06 21:38:00.000000000,1680788280000000000,3166,3178,3166,3178,2450,142132,141665
2023-04-06 21:39:00.000000000,1680788340000000000,3178,3181,3169,3174,2318,141665,141540
2023-04-06 21:40:00.000000000,1680788400000000000,3174,3176,3171,3171,1204,141540,141710
2023-04-06 21:41:00.000000000,1680788460000000000,3171,3175,3169,3172,1408,141710,141747
2023-04-06 21:42:00.000000000,1680788520000000000,3172,3172,3166,3170,1425,141747,141737
2023-04-06 21:43:00.000000000,1680788580000000000,3170,3173,3169,3173,1213,141737,141718
2023-04-06 21:44:00.000000000,1680788640000000000,3173,3179,3173,3178,1646,141718,141426
2023-04-06 21:45:00.000000000,1680788700000000000,3178,3195,3176,3190,4440,141426,141361
2023-04-06 21:46:00.000000000,1680788760000000000,3190,3190,3179,3182,1696,141361,141407
2023-04-06 21:47:00.000000000,1680788820000000000,3182,3186,3182,3183,1484,141407,141582
2023-04-06 21:48:00.000000000,1680788880000000000,3183,3187,3181,3187,1329,141582,141595
2023-04-06 21:49:00.000000000,1680788940000000000,3187,3190,3184,3185,1609,141595,141546
2023-04-06 21:50:00.000000000,1680789000000000000,3185,3194,3185,3194,1546,141546,141901
2023-04-06 21:51:00.000000000,1680789060000000000,3194,3194,3185,3186,1198,141901,142011
2023-04-06 21:52:00.000000000,1680789120000000000,3186,3187,3178,3178,1139,142011,142013
2023-04-06 21:53:00.000000000,1680789180000000000,3178,3182,3177,3178,972,142013,142094
2023-04-06 21:54:00.000000000,1680789240000000000,3178,3178,3166,3173,2681,142094,141904
2023-04-06 21:55:00.000000000,1680789300000000000,3173,3178,3173,3178,967,141904,141934
2023-04-06 21:56:00.000000000,1680789360000000000,3178,3179,3170,3171,1127,141934,141974
2023-04-06 21:57:00.000000000,1680789420000000000,3171,3174,3168,3170,1757,141974,142146
2023-04-06 21:58:00.000000000,1680789480000000000,3170,3171,3167,3169,1515,142146,141609
2023-04-06 21:59:00.000000000,1680789540000000000,3169,3175,3169,3175,1038,141609,141553
2023-04-06 22:00:00.000000000,1680789600000000000,3175,3181,3174,3180,1587,141553,141667
2023-04-06 22:01:00.000000000,1680789660000000000,3180,3185,3179,3179,1293,141667,141596
2023-04-06 22:02:00.000000000,1680789720000000000,3179,3180,3175,3175,767,141596,141672
2023-04-06 22:03:00.000000000,1680789780000000000,3175,3180,3175,3177,636,141672,141726
2023-04-06 22:04:00.000000000,1680789840000000000,3177,3180,3175,3179,486,141726,141750
2023-04-06 22:05:00.000000000,1680789900000000000,3179,3185,3178,3184,960,141750,141804
2023-04-06 22:06:00.000000000,1680789960000000000,3184,3184,3180,3181,707,141804,141904
2023-04-06 22:07:00.000000000,1680790020000000000,3181,3182,3178,3179,431,141904,141857
2023-04-06 22:08:00.000000000,1680790080000000000,3179,3181,3173,3173,1120,141857,141859
2023-04-06 22:09:00.000000000,1680790140000000000,3173,3179,3173,3179,403,141859,141845
2023-04-06 22:10:00.000000000,1680790200000000000,3179,3180,3178,3179,350,141845,141958
2023-04-06 22:11:00.000000000,1680790260000000000,3179,3182,3178,3181,573,141958,141992
2023-04-06 22:12:00.000000000,1680790320000000000,3181,3185,3181,3183,889,141992,141949
2023-04-06 22:13:00.000000000,1680790380000000000,3183,3184,3180,3182,529,141949,142034
2023-04-06 22:14:00.000000000,1680790440000000000,3182,3183,3179,3179,410,142034,142010
2023-04-06 22:15:00.000000000,1680790500000000000,3179,3182,3179,3180,503,142010,142108
2023-04-06 22:16:00.000000000,1680790560000000000,3180,3181,3179,3179,366,142108,142017
2023-04-06 22:17:00.000000000,1680790620000000000,3179,3187,3178,3186,1146,142017,141949
2023-04-06 22:18:00.000000000,1680790680000000000,3186,3190,3184,3189,1424,141949,141752
2023-04-06 22:19:00.000000000,1680790740000000000,3189,3189,3184,3185,796,141752,141626
2023-04-06 22:20:00.000000000,1680790800000000000,3185,3185,3181,3184,674,141626,141642
2023-04-06 22:21:00.000000000,1680790860000000000,3184,3185,3181,3183,479,141642,141629
2023-04-06 22:22:00.000000000,1680790920000000000,3183,3184,3176,3176,1250,141629,141601
2023-04-06 22:23:00.000000000,1680790980000000000,3176,3177,3175,3176,1052,141601,141705
2023-04-06 22:24:00.000000000,1680791040000000000,3176,3180,3174,3180,732,141705,141723
2023-04-06 22:25:00.000000000,1680791100000000000,3180,3181,3177,3181,342,141723,141679
2023-04-06 22:26:00.000000000,1680791160000000000,3181,3182,3179,3181,447,141679,141680
2023-04-06 22:27:00.000000000,1680791220000000000,3181,3185,3180,3184,693,141680,141592
2023-04-06 22:28:00.000000000,1680791280000000000,3184,3185,3181,3182,489,141592,141626
2023-04-06 22:29:00.000000000,1680791340000000000,3182,3183,3181,3182,290,141626,141671
2023-04-06 22:30:00.000000000,1680791400000000000,3182,3183,3180,3182,291,141671,141638
2023-04-06 22:31:00.000000000,1680791460000000000,3182,3185,3182,3183,375,141638,141640
2023-04-06 22:32:00.000000000,1680791520000000000,3183,3184,3181,3181,280,141640,141563
2023-04-06 22:33:00.000000000,1680791580000000000,3181,3182,3180,3181,380,141563,141562
2023-04-06 22:34:00.000000000,1680791640000000000,3181,3187,3181,3183,927,141562,141519
2023-04-06 22:35:00.000000000,1680791700000000000,3183,3183,3180,3182,347,141519,141563
2023-04-06 22:36:00.000000000,1680791760000000000,3182,3185,3182,3183,374,141563,141597
2023-04-06 22:37:00.000000000,1680791820000000000,3183,3183,3181,3182,366,141597,141532
2023-04-06 22:38:00.000000000,1680791880000000000,3182,3183,3181,3183,181,141532,141586
2023-04-06 22:39:00.000000000,1680791940000000000,3183,3183,3180,3181,418,141586,141558
2023-04-06 22:40:00.000000000,1680792000000000000,3181,3183,3180,3181,231,141558,141527
2023-04-06 22:41:00.000000000,1680792060000000000,3181,3183,3181,3183,269,141527,141589
2023-04-06 22:42:00.000000000,1680792120000000000,3183,3184,3181,3182,496,141589,141541
2023-04-06 22:43:00.000000000,1680792180000000000,3182,3183,3181,3182,153,141541,141498
2023-04-06 22:44:00.000000000,1680792240000000000,3182,3184,3182,3183,240,141498,141445
2023-04-06 22:45:00.000000000,1680792300000000000,3183,3184,3181,3181,332,141445,141317
2023-04-06 22:46:00.000000000,1680792360000000000,3181,3183,3180,3182,484,141317,141233
2023-04-06 22:47:00.000000000,1680792420000000000,3182,3184,3181,3183,258,141233,141198
2023-04-06 22:48:00.000000000,1680792480000000000,3183,3184,3181,3183,264,141198,141108
2023-04-06 22:49:00.000000000,1680792540000000000,3183,3184,3181,3181,453,141108,140927
2023-04-06 22:50:00.000000000,1680792600000000000,3181,3184,3180,3184,341,140927,140789
2023-04-06 22:51:00.000000000,1680792660000000000,3184,3184,3181,3181,355,140789,140791
2023-04-06 22:52:00.000000000,1680792720000000000,3181,3183,3181,3182,150,140791,140748
2023-04-06 22:53:00.000000000,1680792780000000000,3182,3183,3181,3182,227,140748,140677
2023-04-06 22:54:00.000000000,1680792840000000000,3182,3183,3180,3180,423,140677,140594
2023-04-06 22:55:00.000000000,1680792900000000000,3180,3182,3180,3181,412,140594,140521
2023-04-06 22:56:00.000000000,1680792960000000000,3181,3181,3179,3179,809,140521,140269
2023-04-06 22:57:00.000000000,1680793020000000000,3179,3184,3178,3182,918,140269,139965
2023-04-06 22:58:00.000000000,1680793080000000000,3182,3184,3181,3183,777,139965,139645
2023-04-06 22:59:00.000000000,1680793140000000000,3183,3188,3182,3188,1974,139645,138791
2023-04-07 09:00:00.000000000,1680829200000000000,3189,3206,3189,3197,3983,138791,138855
2023-04-07 09:01:00.000000000,1680829260000000000,3197,3206,3197,3203,2159,138855,139147
2023-04-07 09:02:00.000000000,1680829320000000000,3203,3203,3195,3197,1091,139147,139120
2023-04-07 09:03:00.000000000,1680829380000000000,3197,3198,3192,3196,923,139120,139230
2023-04-07 09:04:00.000000000,1680829440000000000,3196,3196,3186,3188,1260,139230,139186
2023-04-07 09:05:00.000000000,1680829500000000000,3188,3196,3188,3195,747,139186,139319
2023-04-07 09:06:00.000000000,1680829560000000000,3195,3197,3192,3193,574,139319,139407
2023-04-07 09:07:00.000000000,1680829620000000000,3193,3198,3192,3197,483,139407,139431
2023-04-07 09:08:00.000000000,1680829680000000000,3197,3200,3194,3198,954,139431,139442
2023-04-07 09:09:00.000000000,1680829740000000000,3198,3199,3196,3198,637,139442,139469
2023-04-07 09:10:00.000000000,1680829800000000000,3198,3205,3196,3205,1101,139469,139493
2023-04-07 09:11:00.000000000,1680829860000000000,3205,3205,3200,3203,694,139493,139504
2023-04-07 09:12:00.000000000,1680829920000000000,3203,3203,3200,3201,271,139504,139437
2023-04-07 09:13:00.000000000,1680829980000000000,3201,3203,3198,3201,823,139437,139430
2023-04-07 09:14:00.000000000,1680830040000000000,3201,3202,3200,3202,398,139430,139324
2023-04-07 09:15:00.000000000,1680830100000000000,3202,3202,3200,3200,369,139324,139166
2023-04-07 09:16:00.000000000,1680830160000000000,3200,3217,3200,3214,2417,139166,139026
2023-04-07 09:17:00.000000000,1680830220000000000,3214,3220,3214,3219,1820,139026,138952
2023-04-07 09:18:00.000000000,1680830280000000000,3219,3221,3216,3216,1769,138952,138759
2023-04-07 09:19:00.000000000,1680830340000000000,3216,3222,3216,3222,1226,138759,138889
2023-04-07 09:20:00.000000000,1680830400000000000,3222,3226,3221,3224,1620,138889,139001
2023-04-07 09:21:00.000000000,1680830460000000000,3224,3234,3224,3230,2648,139001,139156
2023-04-07 09:22:00.000000000,1680830520000000000,3230,3232,3228,3230,1176,139156,139355
2023-04-07 09:23:00.000000000,1680830580000000000,3230,3230,3220,3222,1685,139355,139129
2023-04-07 09:24:00.000000000,1680830640000000000,3222,3225,3222,3223,586,139129,139250
2023-04-07 09:25:00.000000000,1680830700000000000,3223,3224,3218,3218,879,139250,139265
2023-04-07 09:26:00.000000000,1680830760000000000,3218,3222,3217,3221,743,139265,139237
2023-04-07 09:27:00.000000000,1680830820000000000,3221,3223,3219,3222,466,139237,139278
2023-04-07 09:28:00.000000000,1680830880000000000,3222,3227,3221,3225,711,139278,139659
2023-04-07 09:29:00.000000000,1680830940000000000,3225,3226,3221,3225,408,139659,139756
2023-04-07 09:30:00.000000000,1680831000000000000,3225,3227,3220,3220,597,139756,139712
2023-04-07 09:31:00.000000000,1680831060000000000,3220,3222,3212,3217,1276,139712,139589
2023-04-07 09:32:00.000000000,1680831120000000000,3217,3217,3213,3214,573,139589,139643
2023-04-07 09:33:00.000000000,1680831180000000000,3214,3217,3213,3216,438,139643,139655
2023-04-07 09:34:00.000000000,1680831240000000000,3216,3223,3215,3221,836,139655,139829
2023-04-07 09:35:00.000000000,1680831300000000000,3221,3223,3220,3221,390,139829,139919
2023-04-07 09:36:00.000000000,1680831360000000000,3221,3222,3219,3219,315,139919,139878
2023-04-07 09:37:00.000000000,1680831420000000000,3219,3220,3217,3219,379,139878,139843
2023-04-07 09:38:00.000000000,1680831480000000000,3219,3222,3219,3222,570,139843,139803
2023-04-07 09:39:00.000000000,1680831540000000000,3222,3229,3222,3229,759,139803,139688
2023-04-07 09:40:00.000000000,1680831600000000000,3229,3230,3224,3229,951,139688,139950
2023-04-07 09:41:00.000000000,1680831660000000000,3229,3232,3228,3228,872,139950,140257
2023-04-07 09:42:00.000000000,1680831720000000000,3228,3230,3227,3228,390,140257,140361
2023-04-07 09:43:00.000000000,1680831780000000000,3228,3229,3226,3227,385,140361,140277
2023-04-07 09:44:00.000000000,1680831840000000000,3227,3229,3226,3228,227,140277,140325
2023-04-07 09:45:00.000000000,1680831900000000000,3228,3230,3225,3228,639,140325,140407
2023-04-07 09:46:00.000000000,1680831960000000000,3228,3231,3226,3231,540,140407,140455
2023-04-07 09:47:00.000000000,1680832020000000000,3231,3237,3231,3236,1573,140455,140626
2023-04-07 09:48:00.000000000,1680832080000000000,3236,3241,3234,3239,1662,140626,140684
2023-04-07 09:49:00.000000000,1680832140000000000,3239,3239,3232,3235,1185,140684,140997
2023-04-07 09:50:00.000000000,1680832200000000000,3235,3236,3234,3235,440,140997,140940
2023-04-07 09:51:00.000000000,1680832260000000000,3235,3236,3233,3235,531,140940,141123
2023-04-07 09:52:00.000000000,1680832320000000000,3235,3236,3233,3236,441,141123,141308
2023-04-07 09:53:00.000000000,1680832380000000000,3236,3236,3233,3234,276,141308,141408
2023-04-07 09:54:00.000000000,1680832440000000000,3234,3241,3234,3241,698,141408,141529
2023-04-07 09:55:00.000000000,1680832500000000000,3241,3242,3237,3238,504,141529,141550
2023-04-07 09:56:00.000000000,1680832560000000000,3238,3238,3234,3235,426,141550,141570
2023-04-07 09:57:00.000000000,1680832620000000000,3235,3235,3231,3233,575,141570,141596
2023-04-07 09:58:00.000000000,1680832680000000000,3233,3235,3233,3234,229,141596,141556
2023-04-07 09:59:00.000000000,1680832740000000000,3234,3235,3233,3233,306,141556,141716
2023-04-07 10:00:00.000000000,1680832800000000000,3233,3235,3231,3231,391,141716,141612
2023-04-07 10:01:00.000000000,1680832860000000000,3231,3232,3225,3230,1194,141612,141257
2023-04-07 10:02:00.000000000,1680832920000000000,3230,3230,3227,3228,530,141257,141325
2023-04-07 10:03:00.000000000,1680832980000000000,3228,3229,3227,3228,355,141325,141366
2023-04-07 10:04:00.000000000,1680833040000000000,3228,3230,3228,3230,283,141366,141459
2023-04-07 10:05:00.000000000,1680833100000000000,3230,3231,3229,3231,368,141459,141588
2023-04-07 10:06:00.000000000,1680833160000000000,3231,3231,3230,3230,136,141588,141630
2023-04-07 10:07:00.000000000,1680833220000000000,3230,3231,3228,3229,347,141630,141657
2023-04-07 10:08:00.000000000,1680833280000000000,3229,3235,3229,3235,399,141657,141605
2023-04-07 10:09:00.000000000,1680833340000000000,3235,3235,3231,3231,134,141605,141575
2023-04-07 10:10:00.000000000,1680833400000000000,3231,3232,3230,3230,140,141575,141590
2023-04-07 10:11:00.000000000,1680833460000000000,3230,3232,3228,3230,219,141590,141585
2023-04-07 10:12:00.000000000,1680833520000000000,3230,3234,3230,3234,223,141585,141651
2023-04-07 10:13:00.000000000,1680833580000000000,3234,3235,3233,3234,351,141651,141602
2023-04-07 10:14:00.000000000,1680833640000000000,3234,3235,3233,3235,285,141602,141542
2023-04-07 10:30:00.000000000,1680834600000000000,3234,3238,3233,3237,519,141542,141574
2023-04-07 10:31:00.000000000,1680834660000000000,3237,3238,3235,3237,369,141574,141617
2023-04-07 10:32:00.000000000,1680834720000000000,3237,3237,3231,3232,625,141617,141425
2023-04-07 10:33:00.000000000,1680834780000000000,3232,3234,3231,3233,478,141425,141217
2023-04-07 10:34:00.000000000,1680834840000000000,3233,3234,3232,3233,382,141217,141221
2023-04-07 10:35:00.000000000,1680834900000000000,3233,3233,3230,3231,301,141221,141178
2023-04-07 10:36:00.000000000,1680834960000000000,3231,3233,3230,3232,273,141178,141115
2023-04-07 10:37:00.000000000,1680835020000000000,3232,3233,3229,3231,588,141115,141115
2023-04-07 10:38:00.000000000,1680835080000000000,3231,3233,3231,3232,231,141115,141039
2023-04-07 10:39:00.000000000,1680835140000000000,3232,3233,3231,3233,242,141039,141028
2023-04-07 10:40:00.000000000,1680835200000000000,3233,3240,3232,3238,834,141028,141122
2023-04-07 10:41:00.000000000,1680835260000000000,3238,3238,3235,3237,418,141122,141058
2023-04-07 10:42:00.000000000,1680835320000000000,3237,3237,3236,3236,191,141058,141027
2023-04-07 10:43:00.000000000,1680835380000000000,3236,3237,3235,3235,266,141027,140986
2023-04-07 10:44:00.000000000,1680835440000000000,3235,3236,3232,3232,270,140986,140964
2023-04-07 10:45:00.000000000,1680835500000000000,3232,3234,3230,3230,247,140964,140978
2023-04-07 10:46:00.000000000,1680835560000000000,3230,3231,3226,3227,680,140978,140852
2023-04-07 10:47:00.000000000,1680835620000000000,3227,3227,3219,3222,1023,140852,140559
2023-04-07 10:48:00.000000000,1680835680000000000,3222,3222,3217,3218,898,140559,140367
2023-04-07 10:49:00.000000000,1680835740000000000,3218,3220,3213,3213,1365,140367,140382
2023-04-07 10:50:00.000000000,1680835800000000000,3213,3216,3212,3213,1026,140382,140258
2023-04-07 10:51:00.000000000,1680835860000000000,3213,3214,3208,3211,1237,140258,140070
2023-04-07 10:52:00.000000000,1680835920000000000,3211,3218,3210,3217,769,140070,139965
2023-04-07 10:53:00.000000000,1680835980000000000,3217,3218,3210,3213,1110,139965,139749
2023-04-07 10:54:00.000000000,1680836040000000000,3213,3216,3213,3213,432,139749,139714
2023-04-07 10:55:00.000000000,1680836100000000000,3213,3215,3212,3214,197,139714,139697
2023-04-07 10:56:00.000000000,1680836160000000000,3214,3214,3212,3214,228,139697,139674
2023-04-07 10:57:00.000000000,1680836220000000000,3214,3214,3207,3208,840,139674,139539
2023-04-07 10:58:00.000000000,1680836280000000000,3208,3213,3207,3211,546,139539,139319
2023-04-07 10:59:00.000000000,1680836340000000000,3211,3212,3210,3210,258,139319,139402
2023-04-07 11:00:00.000000000,1680836400000000000,3210,3216,3210,3216,598,139402,139394
2023-04-07 11:01:00.000000000,1680836460000000000,3216,3216,3212,3214,239,139394,139359
2023-04-07 11:02:00.000000000,1680836520000000000,3214,3214,3212,3212,127,139359,139336
2023-04-07 11:03:00.000000000,1680836580000000000,3212,3216,3212,3216,273,139336,139411
2023-04-07 11:04:00.000000000,1680836640000000000,3216,3219,3216,3219,754,139411,139316
2023-04-07 11:05:00.000000000,1680836700000000000,3219,3220,3215,3215,565,139316,139417
2023-04-07 11:06:00.000000000,1680836760000000000,3215,3218,3214,3217,284,139417,139469
2023-04-07 11:07:00.000000000,1680836820000000000,3217,3217,3215,3216,112,139469,139480
2023-04-07 11:08:00.000000000,1680836880000000000,3216,3217,3212,3214,229,139480,139473
2023-04-07 11:09:00.000000000,1680836940000000000,3214,3215,3212,3213,107,139473,139449
2023-04-07 11:10:00.000000000,1680837000000000000,3213,3214,3210,3213,211,139449,139443
2023-04-07 11:11:00.000000000,1680837060000000000,3213,3214,3212,3214,219,139443,139449
2023-04-07 11:12:00.000000000,1680837120000000000,3214,3217,3214,3215,236,139449,139480
2023-04-07 11:13:00.000000000,1680837180000000000,3215,3216,3214,3216,108,139480,139481
2023-04-07 11:14:00.000000000,1680837240000000000,3216,3217,3214,3216,124,139481,139453
2023-04-07 11:15:00.000000000,1680837300000000000,3216,3216,3214,3215,99,139453,139411
2023-04-07 11:16:00.000000000,1680837360000000000,3215,3215,3213,3213,121,139411,139391
2023-04-07 11:17:00.000000000,1680837420000000000,3213,3216,3213,3216,192,139391,139383
2023-04-07 11:18:00.000000000,1680837480000000000,3216,3219,3215,3218,233,139383,139341
2023-04-07 11:19:00.000000000,1680837540000000000,3218,3219,3217,3217,237,139341,139284
2023-04-07 11:20:00.000000000,1680837600000000000,3217,3217,3214,3214,218,139284,139164
2023-04-07 11:21:00.000000000,1680837660000000000,3214,3218,3214,3217,124,139164,139118
2023-04-07 11:22:00.000000000,1680837720000000000,3217,3217,3214,3215,154,139118,139096
2023-04-07 11:23:00.000000000,1680837780000000000,3215,3216,3214,3215,84,139096,139079
2023-04-07 11:24:00.000000000,1680837840000000000,3215,3217,3215,3216,103,139079,139044
2023-04-07 11:25:00.000000000,1680837900000000000,3216,3216,3213,3213,159,139044,138961
2023-04-07 11:26:00.000000000,1680837960000000000,3213,3214,3213,3213,185,138961,138945
2023-04-07 11:27:00.000000000,1680838020000000000,3213,3217,3213,3217,257,138945,138933
2023-04-07 11:28:00.000000000,1680838080000000000,3217,3218,3216,3217,316,138933,138901
2023-04-07 11:29:00.000000000,1680838140000000000,3217,3222,3217,3221,465,138901,138817
2023-04-07 13:30:00.000000000,1680845400000000000,3219,3227,3219,3227,750,138817,139022
2023-04-07 13:31:00.000000000,1680845460000000000,3227,3230,3226,3228,804,139022,139160
2023-04-07 13:32:00.000000000,1680845520000000000,3228,3229,3226,3226,362,139160,139209
2023-04-07 13:33:00.000000000,1680845580000000000,3226,3226,3221,3222,378,139209,139149
2023-04-07 13:34:00.000000000,1680845640000000000,3222,3223,3221,3221,275,139149,139146
2023-04-07 13:35:00.000000000,1680845700000000000,3221,3223,3219,3223,460,139146,139077
2023-04-07 13:36:00.000000000,1680845760000000000,3223,3226,3223,3224,261,139077,139047
2023-04-07 13:37:00.000000000,1680845820000000000,3224,3225,3221,3221,130,139047,139097
2023-04-07 13:38:00.000000000,1680845880000000000,3221,3225,3221,3224,208,139097,139187
2023-04-07 13:39:00.000000000,1680845940000000000,3224,3226,3223,3223,211,139187,139210
2023-04-07 13:40:00.000000000,1680846000000000000,3223,3228,3222,3226,366,139210,139213
2023-04-07 13:41:00.000000000,1680846060000000000,3226,3227,3224,3225,182,139213,139222
2023-04-07 13:42:00.000000000,1680846120000000000,3225,3225,3223,3223,103,139222,139236
2023-04-07 13:43:00.000000000,1680846180000000000,3223,3224,3222,3222,135,139236,139236
2023-04-07 13:44:00.000000000,1680846240000000000,3222,3224,3222,3224,77,139236,139247
2023-04-07 13:45:00.000000000,1680846300000000000,3224,3225,3223,3225,116,139247,139269
2023-04-07 13:46:00.000000000,1680846360000000000,3225,3225,3222,3223,211,139269,139229
2023-04-07 13:47:00.000000000,1680846420000000000,3223,3224,3221,3222,128,139229,139261
2023-04-07 13:48:00.000000000,1680846480000000000,3222,3224,3221,3223,106,139261,139258
2023-04-07 13:49:00.000000000,1680846540000000000,3223,3224,3222,3223,70,139258,139264
2023-04-07 13:50:00.000000000,1680846600000000000,3223,3224,3222,3222,76,139264,139261
2023-04-07 13:51:00.000000000,1680846660000000000,3222,3222,3218,3220,610,139261,139231
2023-04-07 13:52:00.000000000,1680846720000000000,3220,3220,3218,3219,197,139231,139261
2023-04-07 13:53:00.000000000,1680846780000000000,3219,3220,3218,3218,181,139261,139209
2023-04-07 13:54:00.000000000,1680846840000000000,3218,3219,3216,3217,233,139209,139181
2023-04-07 13:55:00.000000000,1680846900000000000,3217,3219,3217,3218,146,139181,139191
2023-04-07 13:56:00.000000000,1680846960000000000,3218,3219,3218,3218,46,139191,139190
2023-04-07 13:57:00.000000000,1680847020000000000,3218,3219,3218,3219,99,139190,139220
2023-04-07 13:58:00.000000000,1680847080000000000,3219,3219,3216,3216,171,139220,139163
2023-04-07 13:59:00.000000000,1680847140000000000,3216,3218,3216,3217,177,139163,139083
2023-04-07 14:00:00.000000000,1680847200000000000,3217,3217,3213,3214,631,139083,139061
2023-04-07 14:01:00.000000000,1680847260000000000,3214,3215,3213,3214,181,139061,139016
2023-04-07 14:02:00.000000000,1680847320000000000,3214,3218,3214,3217,246,139016,138941
2023-04-07 14:03:00.000000000,1680847380000000000,3217,3224,3216,3224,567,138941,138835
2023-04-07 14:04:00.000000000,1680847440000000000,3224,3225,3219,3222,487,138835,138853
2023-04-07 14:05:00.000000000,1680847500000000000,3222,3222,3219,3219,241,138853,138823
2023-04-07 14:06:00.000000000,1680847560000000000,3219,3222,3217,3221,557,138823,138779
2023-04-07 14:07:00.000000000,1680847620000000000,3221,3221,3219,3221,575,138779,138814
2023-04-07 14:08:00.000000000,1680847680000000000,3221,3222,3220,3220,228,138814,138796
2023-04-07 14:09:00.000000000,1680847740000000000,3220,3222,3220,3221,167,138796,138779
2023-04-07 14:10:00.000000000,1680847800000000000,3221,3223,3220,3223,215,138779,138793
2023-04-07 14:11:00.000000000,1680847860000000000,3223,3223,3221,3222,93,138793,138831
2023-04-07 14:12:00.000000000,1680847920000000000,3222,3226,3221,3224,685,138831,138724
2023-04-07 14:13:00.000000000,1680847980000000000,3224,3224,3222,3222,88,138724,138717
2023-04-07 14:14:00.000000000,1680848040000000000,3222,3226,3222,3226,261,138717,138751
2023-04-07 14:15:00.000000000,1680848100000000000,3226,3226,3222,3223,148,138751,138747
2023-04-07 14:16:00.000000000,1680848160000000000,3223,3225,3222,3222,187,138747,138815
2023-04-07 14:17:00.000000000,1680848220000000000,3222,3223,3221,3222,124,138815,138859
2023-04-07 14:18:00.000000000,1680848280000000000,3222,3225,3222,3225,278,138859,139003
2023-04-07 14:19:00.000000000,1680848340000000000,3225,3227,3224,3227,278,139003,138990
2023-04-07 14:20:00.000000000,1680848400000000000,3227,3229,3226,3229,402,138990,138929
2023-04-07 14:21:00.000000000,1680848460000000000,3229,3229,3226,3226,297,138929,138924
2023-04-07 14:22:00.000000000,1680848520000000000,3226,3227,3226,3227,190,138924,138838
2023-04-07 14:23:00.000000000,1680848580000000000,3227,3228,3226,3227,120,138838,138807
2023-04-07 14:24:00.000000000,1680848640000000000,3227,3227,3225,3226,132,138807,138747
2023-04-07 14:25:00.000000000,1680848700000000000,3226,3226,3225,3225,106,138747,138734
2023-04-07 14:26:00.000000000,1680848760000000000,3225,3227,3225,3225,143,138734,138732
2023-04-07 14:27:00.000000000,1680848820000000000,3225,3228,3225,3227,158,138732,138806
2023-04-07 14:28:00.000000000,1680848880000000000,3227,3229,3227,3228,321,138806,138668
2023-04-07 14:29:00.000000000,1680848940000000000,3228,3228,3226,3226,152,138668,138646
2023-04-07 14:30:00.000000000,1680849000000000000,3226,3228,3226,3228,137,138646,138628
2023-04-07 14:31:00.000000000,1680849060000000000,3228,3228,3226,3227,96,138628,138643
2023-04-07 14:32:00.000000000,1680849120000000000,3227,3228,3227,3228,88,138643,138640
2023-04-07 14:33:00.000000000,1680849180000000000,3228,3228,3226,3227,293,138640,138646
2023-04-07 14:34:00.000000000,1680849240000000000,3227,3228,3226,3226,88,138646,138635
2023-04-07 14:35:00.000000000,1680849300000000000,3226,3229,3226,3229,236,138635,138569
2023-04-07 14:36:00.000000000,1680849360000000000,3229,3232,3228,3232,716,138569,138664
2023-04-07 14:37:00.000000000,1680849420000000000,3232,3232,3229,3231,250,138664,138683
2023-04-07 14:38:00.000000000,1680849480000000000,3231,3231,3229,3230,191,138683,138654
2023-04-07 14:39:00.000000000,1680849540000000000,3230,3231,3229,3229,198,138654,138634
2023-04-07 14:40:00.000000000,1680849600000000000,3229,3231,3229,3231,194,138634,138625
2023-04-07 14:41:00.000000000,1680849660000000000,3231,3234,3230,3234,585,138625,138537
2023-04-07 14:42:00.000000000,1680849720000000000,3234,3235,3231,3233,480,138537,138343
2023-04-07 14:43:00.000000000,1680849780000000000,3233,3233,3229,3229,260,138343,138255
2023-04-07 14:44:00.000000000,1680849840000000000,3229,3231,3229,3230,287,138255,138150
2023-04-07 14:45:00.000000000,1680849900000000000,3230,3231,3229,3229,209,138150,138189
2023-04-07 14:46:00.000000000,1680849960000000000,3229,3231,3229,3229,153,138189,138169
2023-04-07 14:47:00.000000000,1680850020000000000,3229,3231,3229,3231,199,138169,138066
2023-04-07 14:48:00.000000000,1680850080000000000,3231,3232,3230,3232,189,138066,137972
2023-04-07 14:49:00.000000000,1680850140000000000,3232,3233,3231,3232,203,137972,137919
2023-04-07 14:50:00.000000000,1680850200000000000,3232,3234,3232,3234,367,137919,137692
2023-04-07 14:51:00.000000000,1680850260000000000,3234,3236,3233,3236,505,137692,137617
2023-04-07 14:52:00.000000000,1680850320000000000,3236,3237,3235,3236,496,137617,137522
2023-04-07 14:53:00.000000000,1680850380000000000,3236,3239,3236,3239,617,137522,137531
2023-04-07 14:54:00.000000000,1680850440000000000,3239,3239,3235,3235,922,137531,137455
2023-04-07 14:55:00.000000000,1680850500000000000,3235,3235,3232,3235,884,137455,137160
2023-04-07 14:56:00.000000000,1680850560000000000,3235,3235,3233,3234,574,137160,136893
2023-04-07 14:57:00.000000000,1680850620000000000,3234,3237,3232,3235,768,136893,136847
2023-04-07 14:58:00.000000000,1680850680000000000,3235,3236,3231,3232,1027,136847,136732
2023-04-07 14:59:00.000000000,1680850740000000000,3232,3240,3231,3239,1459,136732,136332
2023-04-07 21:00:00.000000000,1680872400000000000,3227,3233,3224,3231,2422,136332,136129
2023-04-07 21:01:00.000000000,1680872460000000000,3231,3233,3225,3230,1045,136129,136143
2023-04-07 21:02:00.000000000,1680872520000000000,3230,3230,3225,3229,983,136143,136278
2023-04-07 21:03:00.000000000,1680872580000000000,3229,3234,3227,3233,929,136278,136248
2023-04-07 21:04:00.000000000,1680872640000000000,3233,3239,3233,3238,870,136248,136320
2023-04-07 21:05:00.000000000,1680872700000000000,3238,3240,3233,3234,1255,136320,136575
2023-04-07 21:06:00.000000000,1680872760000000000,3234,3239,3234,3238,626,136575,136837
2023-04-07 21:07:00.000000000,1680872820000000000,3238,3246,3237,3241,1753,136837,137012
2023-04-07 21:08:00.000000000,1680872880000000000,3241,3242,3238,3241,753,137012,137244
2023-04-07 21:09:00.000000000,1680872940000000000,3241,3241,3237,3237,504,137244,137337
2023-04-07 21:10:00.000000000,1680873000000000000,3237,3240,3236,3239,408,137337,137311
2023-04-07 21:11:00.000000000,1680873060000000000,3239,3240,3236,3238,419,137311,137377
2023-04-07 21:12:00.000000000,1680873120000000000,3238,3242,3238,3242,347,137377,137467
2023-04-07 21:13:00.000000000,1680873180000000000,3242,3245,3240,3240,666,137467,137550
2023-04-07 21:14:00.000000000,1680873240000000000,3240,3240,3238,3238,454,137550,137697
2023-04-07 21:15:00.000000000,1680873300000000000,3238,3240,3237,3237,347,137697,137729
2023-04-07 21:16:00.000000000,1680873360000000000,3237,3244,3237,3243,722,137729,137641
2023-04-07 21:17:00.000000000,1680873420000000000,3243,3244,3242,3243,731,137641,137738
2023-04-07 21:18:00.000000000,1680873480000000000,3243,3243,3241,3243,291,137738,137839
2023-04-07 21:19:00.000000000,1680873540000000000,3243,3244,3242,3243,528,137839,137874
2023-04-07 21:20:00.000000000,1680873600000000000,3243,3243,3238,3239,393,137874,137976
2023-04-07 21:21:00.000000000,1680873660000000000,3239,3240,3239,3240,259,137976,138030
2023-04-07 21:22:00.000000000,1680873720000000000,3240,3244,3240,3244,526,138030,138074
2023-04-07 21:23:00.000000000,1680873780000000000,3244,3245,3243,3245,662,138074,138179
2023-04-07 21:24:00.000000000,1680873840000000000,3245,3247,3243,3247,634,138179,138233
2023-04-07 21:25:00.000000000,1680873900000000000,3247,3247,3242,3242,562,138233,138208
2023-04-07 21:26:00.000000000,1680873960000000000,3242,3244,3242,3243,209,138208,138174
2023-04-07 21:27:00.000000000,1680874020000000000,3243,3244,3242,3243,177,138174,138183
2023-04-07 21:28:00.000000000,1680874080000000000,3243,3243,3241,3242,190,138183,138201
2023-04-07 21:29:00.000000000,1680874140000000000,3242,3243,3238,3239,584,138201,138227
2023-04-07 21:30:00.000000000,1680874200000000000,3239,3240,3239,3240,230,138227,138195
2023-04-07 21:31:00.000000000,1680874260000000000,3240,3240,3239,3239,69,138195,138179
2023-04-07 21:32:00.000000000,1680874320000000000,3239,3240,3233,3233,1062,138179,138061
2023-04-07 21:33:00.000000000,1680874380000000000,3233,3233,3230,3232,1079,138061,137969
2023-04-07 21:34:00.000000000,1680874440000000000,3232,3232,3228,3228,999,137969,137830
2023-04-07 21:35:00.000000000,1680874500000000000,3228,3228,3227,3228,764,137830,137868
2023-04-07 21:36:00.000000000,1680874560000000000,3228,3232,3227,3231,970,137868,137711
2023-04-07 21:37:00.000000000,1680874620000000000,3231,3231,3229,3230,290,137711,137708
2023-04-07 21:38:00.000000000,1680874680000000000,3230,3232,3229,3231,307,137708,137778
2023-04-07 21:39:00.000000000,1680874740000000000,3231,3234,3230,3233,633,137778,137781
2023-04-07 21:40:00.000000000,1680874800000000000,3233,3234,3231,3234,398,137781,137741
2023-04-07 21:41:00.000000000,1680874860000000000,3234,3234,3232,3233,250,137741,137785
2023-04-07 21:42:00.000000000,1680874920000000000,3233,3233,3232,3232,174,137785,137843
2023-04-07 21:43:00.000000000,1680874980000000000,3232,3233,3228,3228,448,137843,137837
2023-04-07 21:44:00.000000000,1680875040000000000,3228,3231,3228,3231,232,137837,137830
2023-04-07 21:45:00.000000000,1680875100000000000,3231,3231,3221,3222,1222,137830,137681
2023-04-07 21:46:00.000000000,1680875160000000000,3222,3226,3220,3224,1316,137681,137504
2023-04-07 21:47:00.000000000,1680875220000000000,3224,3224,3218,3220,1199,137504,137429
2023-04-07 21:48:00.000000000,1680875280000000000,3220,3223,3219,3222,551,137429,137499
2023-04-07 21:49:00.000000000,1680875340000000000,3222,3224,3222,3223,434,137499,137415
2023-04-07 21:50:00.000000000,1680875400000000000,3223,3231,3223,3231,1144,137415,137204
2023-04-07 21:51:00.000000000,1680875460000000000,3231,3231,3227,3227,386,137204,137195
2023-04-07 21:52:00.000000000,1680875520000000000,3227,3230,3227,3230,310,137195,137178
2023-04-07 21:53:00.000000000,1680875580000000000,3230,3230,3228,3229,284,137178,137122
2023-04-07 21:54:00.000000000,1680875640000000000,3229,3229,3226,3226,247,137122,137134
2023-04-07 21:55:00.000000000,1680875700000000000,3226,3228,3226,3228,229,137134,137119
2023-04-07 21:56:00.000000000,1680875760000000000,3228,3231,3228,3230,378,137119,137026
2023-04-07 21:57:00.000000000,1680875820000000000,3230,3230,3228,3229,146,137026,136968
2023-04-07 21:58:00.000000000,1680875880000000000,3229,3230,3228,3230,100,136968,136960
2023-04-07 21:59:00.000000000,1680875940000000000,3230,3234,3229,3234,419,136960,136893
2023-04-07 22:00:00.000000000,1680876000000000000,3234,3237,3233,3235,915,136893,136893
2023-04-07 22:01:00.000000000,1680876060000000000,3235,3236,3233,3233,452,136893,136843
2023-04-07 22:02:00.000000000,1680876120000000000,3233,3234,3231,3232,371,136843,136820
2023-04-07 22:03:00.000000000,1680876180000000000,3232,3236,3232,3236,343,136820,136874
2023-04-07 22:04:00.000000000,1680876240000000000,3236,3236,3232,3233,183,136874,136830
2023-04-07 22:05:00.000000000,1680876300000000000,3233,3234,3233,3234,114,136830,136807
2023-04-07 22:06:00.000000000,1680876360000000000,3234,3236,3233,3236,283,136807,136847
2023-04-07 22:07:00.000000000,1680876420000000000,3236,3237,3235,3237,331,136847,136907
2023-04-07 22:08:00.000000000,1680876480000000000,3237,3237,3234,3235,252,136907,136931
2023-04-07 22:09:00.000000000,1680876540000000000,3235,3236,3234,3235,190,136931,136910
2023-04-07 22:10:00.000000000,1680876600000000000,3235,3237,3234,3236,222,136910,136917
2023-04-07 22:11:00.000000000,1680876660000000000,3236,3241,3236,3240,723,136917,137054
2023-04-07 22:12:00.000000000,1680876720000000000,3240,3240,3235,3236,524,137054,137125
2023-04-07 22:13:00.000000000,1680876780000000000,3236,3238,3236,3237,174,137125,137191
2023-04-07 22:14:00.000000000,1680876840000000000,3237,3238,3237,3237,51,137191,137178
2023-04-07 22:15:00.000000000,1680876900000000000,3237,3240,3237,3239,229,137178,137175
2023-04-07 22:16:00.000000000,1680876960000000000,3239,3241,3239,3240,231,137175,137175
2023-04-07 22:17:00.000000000,1680877020000000000,3240,3241,3238,3238,359,137175,137150
2023-04-07 22:18:00.000000000,1680877080000000000,3238,3238,3236,3237,364,137150,137060
2023-04-07 22:19:00.000000000,1680877140000000000,3237,3237,3231,3232,695,137060,137016
2023-04-07 22:20:00.000000000,1680877200000000000,3232,3234,3232,3233,251,137016,137070
2023-04-07 22:21:00.000000000,1680877260000000000,3233,3233,3230,3230,416,137070,137075
2023-04-07 22:22:00.000000000,1680877320000000000,3230,3232,3230,3231,280,137075,137069
2023-04-07 22:23:00.000000000,1680877380000000000,3231,3233,3230,3233,475,137069,137120
2023-04-07 22:24:00.000000000,1680877440000000000,3233,3234,3232,3233,139,137120,137074
2023-04-07 22:25:00.000000000,1680877500000000000,3233,3234,3232,3233,171,137074,137034
2023-04-07 22:26:00.000000000,1680877560000000000,3233,3234,3232,3234,192,137034,137001
2023-04-07 22:27:00.000000000,1680877620000000000,3234,3234,3233,3234,91,137001,137003
2023-04-07 22:28:00.000000000,1680877680000000000,3234,3234,3232,3233,137,137003,136983
2023-04-07 22:29:00.000000000,1680877740000000000,3233,3233,3230,3231,197,136983,136939
2023-04-07 22:30:00.000000000,1680877800000000000,3231,3234,3231,3234,117,136939,136912
2023-04-07 22:31:00.000000000,1680877860000000000,3234,3239,3233,3238,349,136912,136932
2023-04-07 22:32:00.000000000,1680877920000000000,3238,3239,3236,3236,238,136932,136852
2023-04-07 22:33:00.000000000,1680877980000000000,3236,3237,3233,3233,229,136852,136812
2023-04-07 22:34:00.000000000,1680878040000000000,3233,3235,3233,3235,84,136812,136802
2023-04-07 22:35:00.000000000,1680878100000000000,3235,3236,3234,3235,64,136802,136787
2023-04-07 22:36:00.000000000,1680878160000000000,3235,3236,3233,3236,186,136787,136751
2023-04-07 22:37:00.000000000,1680878220000000000,3236,3239,3236,3238,326,136751,136736
2023-04-07 22:38:00.000000000,1680878280000000000,3238,3239,3238,3238,225,136736,136748
2023-04-07 22:39:00.000000000,1680878340000000000,3238,3238,3237,3238,77,136748,136751
2023-04-07 22:40:00.000000000,1680878400000000000,3238,3245,3237,3245,1317,136751,136560
2023-04-07 22:41:00.000000000,1680878460000000000,3245,3246,3240,3240,831,136560,136579
2023-04-07 22:42:00.000000000,1680878520000000000,3240,3241,3238,3239,294,136579,136529
2023-04-07 22:43:00.000000000,1680878580000000000,3239,3240,3239,3240,187,136529,136579
2023-04-07 22:44:00.000000000,1680878640000000000,3240,3240,3239,3240,190,136579,136544
2023-04-07 22:45:00.000000000,1680878700000000000,3240,3244,3240,3244,647,136544,136591
2023-04-07 22:46:00.000000000,1680878760000000000,3244,3244,3242,3243,355,136591,136582
2023-04-07 22:47:00.000000000,1680878820000000000,3243,3247,3243,3247,595,136582,136723
2023-04-07 22:48:00.000000000,1680878880000000000,3247,3248,3244,3244,836,136723,136695
2023-04-07 22:49:00.000000000,1680878940000000000,3244,3245,3244,3245,284,136695,136637
2023-04-07 22:50:00.000000000,1680879000000000000,3245,3245,3237,3237,916,136637,136498
2023-04-07 22:51:00.000000000,1680879060000000000,3237,3242,3237,3242,382,136498,136371
2023-04-07 22:52:00.000000000,1680879120000000000,3242,3244,3241,3241,448,136371,136314
2023-04-07 22:53:00.000000000,1680879180000000000,3241,3243,3241,3243,219,136314,136242
2023-04-07 22:54:00.000000000,1680879240000000000,3243,3244,3242,3244,228,136242,136197
2023-04-07 22:55:00.000000000,1680879300000000000,3244,3246,3243,3246,425,136197,136113
2023-04-07 22:56:00.000000000,1680879360000000000,3246,3246,3243,3243,353,136113,135904
2023-04-07 22:57:00.000000000,1680879420000000000,3243,3246,3243,3246,324,135904,135865
2023-04-07 22:58:00.000000000,1680879480000000000,3246,3250,3245,3250,1622,135865,135586
2023-04-07 22:59:00.000000000,1680879540000000000,3250,3265,3249,3258,3090,135586,134932
2023-04-10 09:00:00.000000000,1681088400000000000,3258,3258,3244,3249,2964,134932,134888
2023-04-10 09:01:00.000000000,1681088460000000000,3249,3249,3239,3240,1893,134888,134824
2023-04-10 09:02:00.000000000,1681088520000000000,3240,3241,3234,3234,1445,134824,134722
2023-04-10 09:03:00.000000000,1681088580000000000,3234,3235,3229,3232,2290,134722,134356
2023-04-10 09:04:00.000000000,1681088640000000000,3232,3234,3229,3229,1290,134356,134262
2023-04-10 09:05:00.000000000,1681088700000000000,3229,3233,3229,3231,1173,134262,133917
2023-04-10 09:06:00.000000000,1681088760000000000,3231,3233,3230,3231,733,133917,133798
2023-04-10 09:07:00.000000000,1681088820000000000,3231,3238,3230,3230,1186,133798,133692
2023-04-10 09:08:00.000000000,1681088880000000000,3230,3233,3229,3233,632,133692,133593
2023-04-10 09:09:00.000000000,1681088940000000000,3233,3233,3222,3225,2077,133593,133241
2023-04-10 09:10:00.000000000,1681089000000000000,3225,3230,3224,3230,826,133241,133207
2023-04-10 09:11:00.000000000,1681089060000000000,3230,3232,3226,3226,983,133207,133052
2023-04-10 09:12:00.000000000,1681089120000000000,3226,3227,3222,3225,1055,133052,133023
2023-04-10 09:13:00.000000000,1681089180000000000,3225,3229,3224,3228,691,133023,133090
2023-04-10 09:14:00.000000000,1681089240000000000,3228,3228,3225,3226,406,133090,133019
2023-04-10 09:15:00.000000000,1681089300000000000,3226,3232,3226,3229,922,133019,132809
2023-04-10 09:16:00.000000000,1681089360000000000,3229,3229,3220,3221,1270,132809,132513
2023-04-10 09:17:00.000000000,1681089420000000000,3221,3222,3218,3220,1249,132513,132410
2023-04-10 09:18:00.000000000,1681089480000000000,3220,3227,3220,3222,898,132410,132391
2023-04-10 09:19:00.000000000,1681089540000000000,3222,3223,3216,3216,848,132391,132274
2023-04-10 09:20:00.000000000,1681089600000000000,3216,3220,3215,3217,1098,132274,132365
2023-04-10 09:21:00.000000000,1681089660000000000,3217,3220,3217,3217,528,132365,132175
2023-04-10 09:22:00.000000000,1681089720000000000,3217,3224,3217,3222,592,132175,132243
2023-04-10 09:23:00.000000000,1681089780000000000,3222,3225,3220,3221,517,132243,132301
2023-04-10 09:24:00.000000000,1681089840000000000,3221,3222,3216,3218,441,132301,132222
2023-04-10 09:25:00.000000000,1681089900000000000,3218,3218,3207,3211,1904,132222,131740
2023-04-10 09:26:00.000000000,1681089960000000000,3211,3215,3210,3212,559,131740,131752
2023-04-10 09:27:00.000000000,1681090020000000000,3212,3214,3212,3214,250,131752,131755
2023-04-10 09:28:00.000000000,1681090080000000000,3214,3218,3213,3214,476,131755,131710
2023-04-10 09:29:00.000000000,1681090140000000000,3214,3219,3214,3218,321,131710,131759
2023-04-10 09:30:00.000000000,1681090200000000000,3218,3221,3214,3216,651,131759,131903
2023-04-10 09:31:00.000000000,1681090260000000000,3216,3219,3213,3219,615,131903,131744
2023-04-10 09:32:00.000000000,1681090320000000000,3219,3219,3216,3219,427,131744,131695
2023-04-10 09:33:00.000000000,1681090380000000000,3219,3220,3217,3220,399,131695,131683
2023-04-10 09:34:00.000000000,1681090440000000000,3220,3221,3219,3220,365,131683,131722
2023-04-10 09:35:00.000000000,1681090500000000000,3220,3220,3216,3218,321,131722,131727
2023-04-10 09:36:00.000000000,1681090560000000000,3218,3218,3215,3215,226,131727,131762
2023-04-10 09:37:00.000000000,1681090620000000000,3215,3216,3213,3213,219,131762,131731
2023-04-10 09:38:00.000000000,1681090680000000000,3213,3213,3209,3209,650,131731,131647
2023-04-10 09:39:00.000000000,1681090740000000000,3209,3213,3209,3213,716,131647,131672
2023-04-10 09:40:00.000000000,1681090800000000000,3213,3214,3211,3214,467,131672,131546
2023-04-10 09:41:00.000000000,1681090860000000000,3214,3214,3210,3210,300,131546,131494
2023-04-10 09:42:00.000000000,1681090920000000000,3210,3211,3204,3205,925,131494,131468
2023-04-10 09:43:00.000000000,1681090980000000000,3205,3209,3205,3207,670,131468,131465
2023-04-10 09:44:00.000000000,1681091040000000000,3207,3212,3207,3211,396,131465,131552
2023-04-10 09:45:00.000000000,1681091100000000000,3211,3214,3211,3214,371,131552,131514
2023-04-10 09:46:00.000000000,1681091160000000000,3214,3214,3211,3212,379,131514,131494
2023-04-10 09:47:00.000000000,1681091220000000000,3212,3213,3211,3212,251,131494,131534
2023-04-10 09:48:00.000000000,1681091280000000000,3212,3221,3212,3219,1050,131534,131306
2023-04-10 09:49:00.000000000,1681091340000000000,3219,3223,3219,3221,526,131306,131264
2023-04-10 09:50:00.000000000,1681091400000000000,3221,3221,3215,3216,459,131264,131272
2023-04-10 09:51:00.000000000,1681091460000000000,3216,3220,3216,3219,174,131272,131280
2023-04-10 09:52:00.000000000,1681091520000000000,3219,3220,3216,3217,239,131280,131313
2023-04-10 09:53:00.000000000,1681091580000000000,3217,3218,3216,3217,136,131313,131357
2023-04-10 09:54:00.000000000,1681091640000000000,3217,3220,3217,3220,201,131357,131370
2023-04-10 09:55:00.000000000,1681091700000000000,3220,3221,3219,3221,189,131370,131426
2023-04-10 09:56:00.000000000,1681091760000000000,3221,3222,3220,3221,323,131426,131434
2023-04-10 09:57:00.000000000,1681091820000000000,3221,3221,3219,3219,148,131434,131441
2023-04-10 09:58:00.000000000,1681091880000000000,3219,3220,3218,3219,178,131441,131415
2023-04-10 09:59:00.000000000,1681091940000000000,3219,3220,3214,3215,383,131415,131352
2023-04-10 10:00:00.000000000,1681092000000000000,3215,3219,3214,3219,196,131352,131356
2023-04-10 10:01:00.000000000,1681092060000000000,3219,3220,3216,3219,167,131356,131362
2023-04-10 10:02:00.000000000,1681092120000000000,3219,3220,3216,3220,153,131362,131412
2023-04-10 10:03:00.000000000,1681092180000000000,3220,3228,3219,3228,1284,131412,131199
2023-04-10 10:04:00.000000000,1681092240000000000,3228,3228,3224,3225,478,131199,131139
2023-04-10 10:05:00.000000000,1681092300000000000,3225,3228,3225,3225,416,131139,131226
2023-04-10 10:06:00.000000000,1681092360000000000,3225,3226,3222,3222,250,131226,131167
2023-04-10 10:07:00.000000000,1681092420000000000,3222,3226,3222,3224,199,131167,131178
2023-04-10 10:08:00.000000000,1681092480000000000,3224,3224,3222,3223,163,131178,131175
2023-04-10 10:09:00.000000000,1681092540000000000,3223,3225,3222,3224,122,131175,131172
2023-04-10 10:10:00.000000000,1681092600000000000,3224,3225,3221,3222,311,131172,131226
2023-04-10 10:11:00.000000000,1681092660000000000,3222,3224,3222,3224,200,131226,131211
2023-04-10 10:12:00.000000000,1681092720000000000,3224,3226,3224,3226,166,131211,131225
2023-04-10 10:13:00.000000000,1681092780000000000,3226,3227,3225,3226,242,131225,131171
2023-04-10 10:14:00.000000000,1681092840000000000,3226,3227,3223,3224,219,131171,131194
2023-04-10 10:30:00.000000000,1681093800000000000,3224,3224,3217,3221,682,131194,131107
2023-04-10 10:31:00.000000000,1681093860000000000,3221,3221,3217,3217,225,131107,131137
2023-04-10 10:32:00.000000000,1681093920000000000,3217,3218,3213,3215,412,131137,131069
2023-04-10 10:33:00.000000000,1681093980000000000,3215,3218,3214,3218,281,131069,131088
2023-04-10 10:34:00.000000000,1681094040000000000,3218,3221,3218,3221,148,131088,131067
2023-04-10 10:35:00.000000000,1681094100000000000,3221,3221,3217,3217,190,131067,131007
2023-04-10 10:36:00.000000000,1681094160000000000,3217,3218,3215,3218,235,131007,131025
2023-04-10 10:37:00.000000000,1681094220000000000,3218,3220,3217,3218,92,131025,131033
2023-04-10 10:38:00.000000000,1681094280000000000,3218,3218,3215,3217,120,131033,130989
2023-04-10 10:39:00.000000000,1681094340000000000,3217,3218,3215,3216,193,130989,131016
2023-04-10 10:40:00.000000000,1681094400000000000,3216,3219,3216,3218,105,131016,130999
2023-04-10 10:41:00.000000000,1681094460000000000,3218,3218,3214,3215,280,130999,130928
2023-04-10 10:42:00.000000000,1681094520000000000,3215,3217,3215,3216,253,130928,130829
2023-04-10 10:43:00.000000000,1681094580000000000,3216,3218,3215,3218,103,130829,130775
2023-04-10 10:44:00.000000000,1681094640000000000,3218,3220,3218,3219,138,130775,130759
2023-04-10 10:45:00.000000000,1681094700000000000,3219,3219,3217,3217,106,130759,130741
2023-04-10 10:46:00.000000000,1681094760000000000,3217,3219,3217,3219,149,130741,130738
2023-04-10 10:47:00.000000000,1681094820000000000,3219,3219,3218,3218,68,130738,130748
2023-04-10 10:48:00.000000000,1681094880000000000,3218,3218,3217,3218,163,130748,130723
2023-04-10 10:49:00.000000000,1681094940000000000,3218,3219,3217,3219,104,130723,130706
2023-04-10 10:50:00.000000000,1681095000000000000,3219,3220,3219,3220,83,130706,130697
2023-04-10 10:51:00.000000000,1681095060000000000,3220,3220,3216,3216,99,130697,130709
2023-04-10 10:52:00.000000000,1681095120000000000,3216,3219,3216,3219,60,130709,130707
2023-04-10 10:53:00.000000000,1681095180000000000,3219,3219,3218,3218,15,130707,130706
2023-04-10 10:54:00.000000000,1681095240000000000,3218,3219,3218,3218,53,130706,130719
2023-04-10 10:55:00.000000000,1681095300000000000,3218,3220,3218,3218,108,130719,130716
2023-04-10 10:56:00.000000000,1681095360000000000,3218,3219,3218,3218,56,130716,130707
2023-04-10 10:57:00.000000000,1681095420000000000,3218,3219,3217,3218,85,130707,130695
2023-04-10 10:58:00.000000000,1681095480000000000,3218,3219,3217,3219,66,130695,130675
2023-04-10 10:59:00.000000000,1681095540000000000,3219,3219,3214,3215,278,130675,130579
2023-04-10 11:00:00.000000000,1681095600000000000,3215,3216,3214,3214,214,130579,130543
2023-04-10 11:01:00.000000000,1681095660000000000,3214,3215,3211,3213,377,130543,130536
2023-04-10 11:02:00.000000000,1681095720000000000,3213,3214,3211,3214,234,130536,130531
2023-04-10 11:03:00.000000000,1681095780000000000,3214,3215,3213,3215,71,130531,130518
2023-04-10 11:04:00.000000000,1681095840000000000,3215,3215,3214,3215,48,130518,130506
2023-04-10 11:05:00.000000000,1681095900000000000,3215,3215,3213,3213,283,130506,130534
2023-04-10 11:06:00.000000000,1681095960000000000,3213,3214,3212,3213,160,130534,130527
2023-04-10 11:07:00.000000000,1681096020000000000,3213,3214,3211,3213,162,130527,130512
2023-04-10 11:08:00.000000000,1681096080000000000,3213,3214,3213,3214,31,130512,130509
2023-04-10 11:09:00.000000000,1681096140000000000,3214,3216,3213,3215,173,130509,130556
2023-04-10 11:10:00.000000000,1681096200000000000,3215,3217,3215,3217,204,130556,130512
2023-04-10 11:11:00.000000000,1681096260000000000,3217,3219,3216,3218,241,130512,130483
2023-04-10 11:12:00.000000000,1681096320000000000,3218,3219,3216,3217,202,130483,130442
2023-04-10 11:13:00.000000000,1681096380000000000,3217,3217,3216,3217,89,130442,130424
2023-04-10 11:14:00.000000000,1681096440000000000,3217,3218,3216,3216,321,130424,130259
2023-04-10 11:15:00.000000000,1681096500000000000,3216,3219,3216,3219,187,130259,130251
2023-04-10 11:16:00.000000000,1681096560000000000,3219,3219,3217,3218,289,130251,130257
2023-04-10 11:17:00.000000000,1681096620000000000,3218,3218,3214,3214,213,130257,130205
2023-04-10 11:18:00.000000000,1681096680000000000,3214,3216,3213,3215,94,130205,130222
2023-04-10 11:19:00.000000000,1681096740000000000,3215,3217,3214,3216,138,130222,130185
2023-04-10 11:20:00.000000000,1681096800000000000,3216,3216,3214,3215,234,130185,130149
2023-04-10 11:21:00.000000000,1681096860000000000,3215,3216,3214,3214,131,130149,130060
2023-04-10 11:22:00.000000000,1681096920000000000,3214,3216,3214,3215,289,130060,129995
2023-04-10 11:23:00.000000000,1681096980000000000,3215,3216,3214,3215,92,129995,129963
2023-04-10 11:24:00.000000000,1681097040000000000,3215,3215,3214,3215,166,129963,129955
2023-04-10 11:25:00.000000000,1681097100000000000,3215,3215,3212,3213,143,129955,129983
2023-04-10 11:26:00.000000000,1681097160000000000,3213,3214,3210,3211,287,129983,129997
2023-04-10 11:27:00.000000000,1681097220000000000,3211,3215,3211,3214,212,129997,129958
2023-04-10 11:28:00.000000000,1681097280000000000,3214,3215,3213,3213,78,129958,129926
2023-04-10 11:29:00.000000000,1681097340000000000,3213,3214,3212,3213,244,129926,129917
2023-04-10 13:30:00.000000000,1681104600000000000,3215,3222,3215,3220,951,129917,130011
2023-04-10 13:31:00.000000000,1681104660000000000,3220,3221,3217,3217,197,130011,129979
2023-04-10 13:32:00.000000000,1681104720000000000,3217,3220,3217,3218,218,129979,129949
2023-04-10 13:33:00.000000000,1681104780000000000,3218,3220,3217,3217,305,129949,129849
2023-04-10 13:34:00.000000000,1681104840000000000,3217,3217,3214,3215,246,129849,129865
2023-04-10 13:35:00.000000000,1681104900000000000,3215,3218,3215,3218,324,129865,129945
2023-04-10 13:36:00.000000000,1681104960000000000,3218,3218,3215,3215,326,129945,129926
2023-04-10 13:37:00.000000000,1681105020000000000,3215,3216,3213,3215,264,129926,129850
2023-04-10 13:38:00.000000000,1681105080000000000,3215,3215,3213,3214,121,129850,129842
2023-04-10 13:39:00.000000000,1681105140000000000,3214,3218,3213,3217,175,129842,129866
2023-04-10 13:40:00.000000000,1681105200000000000,3217,3217,3214,3215,290,129866,129895
2023-04-10 13:41:00.000000000,1681105260000000000,3215,3216,3213,3214,137,129895,129854
2023-04-10 13:42:00.000000000,1681105320000000000,3214,3215,3213,3214,117,129854,129867
2023-04-10 13:43:00.000000000,1681105380000000000,3214,3215,3214,3215,160,129867,129839
2023-04-10 13:44:00.000000000,1681105440000000000,3215,3215,3213,3214,251,129839,129859
2023-04-10 13:45:00.000000000,1681105500000000000,3214,3217,3213,3216,230,129859,129830
2023-04-10 13:46:00.000000000,1681105560000000000,3216,3218,3215,3217,225,129830,129872
2023-04-10 13:47:00.000000000,1681105620000000000,3217,3218,3216,3217,175,129872,129865
2023-04-10 13:48:00.000000000,1681105680000000000,3217,3218,3216,3218,213,129865,129846
2023-04-10 13:49:00.000000000,1681105740000000000,3218,3219,3217,3219,184,129846,129801
2023-04-10 13:50:00.000000000,1681105800000000000,3219,3219,3216,3217,322,129801,129937
2023-04-10 13:51:00.000000000,1681105860000000000,3217,3218,3216,3216,55,129937,129955
2023-04-10 13:52:00.000000000,1681105920000000000,3216,3216,3214,3216,172,129955,129981
2023-04-10 13:53:00.000000000,1681105980000000000,3216,3217,3213,3213,390,129981,129841
2023-04-10 13:54:00.000000000,1681106040000000000,3213,3215,3213,3214,179,129841,129775
2023-04-10 13:55:00.000000000,1681106100000000000,3214,3217,3214,3216,277,129775,129804
2023-04-10 13:56:00.000000000,1681106160000000000,3216,3216,3214,3214,216,129804,129768
2023-04-10 13:57:00.000000000,1681106220000000000,3214,3216,3214,3215,140,129768,129770
2023-04-10 13:58:00.000000000,1681106280000000000,3215,3216,3213,3213,572,129770,129590
2023-04-10 13:59:00.000000000,1681106340000000000,3213,3214,3211,3212,271,129590,129476
2023-04-10 14:00:00.000000000,1681106400000000000,3212,3215,3211,3214,284,129476,129429
2023-04-10 14:01:00.000000000,1681106460000000000,3214,3216,3214,3215,188,129429,129500
2023-04-10 14:02:00.000000000,1681106520000000000,3215,3215,3213,3214,145,129500,129503
2023-04-10 14:03:00.000000000,1681106580000000000,3214,3216,3214,3215,126,129503,129491
2023-04-10 14:04:00.000000000,1681106640000000000,3215,3216,3214,3215,141,129491,129460
2023-04-10 14:05:00.000000000,1681106700000000000,3215,3215,3212,3212,152,129460,129361
2023-04-10 14:06:00.000000000,1681106760000000000,3212,3213,3211,3212,298,129361,129352
2023-04-10 14:07:00.000000000,1681106820000000000,3212,3212,3209,3209,415,129352,129374
2023-04-10 14:08:00.000000000,1681106880000000000,3209,3212,3209,3210,195,129374,129422
2023-04-10 14:09:00.000000000,1681106940000000000,3210,3215,3210,3214,470,129422,129294
2023-04-10 14:10:00.000000000,1681107000000000000,3214,3215,3213,3213,227,129294,129300
2023-04-10 14:11:00.000000000,1681107060000000000,3213,3217,3213,3216,698,129300,129290
2023-04-10 14:12:00.000000000,1681107120000000000,3216,3217,3215,3217,192,129290,129317
2023-04-10 14:13:00.000000000,1681107180000000000,3217,3218,3216,3218,184,129317,129292
2023-04-10 14:14:00.000000000,1681107240000000000,3218,3218,3215,3216,227,129292,129250
2023-04-10 14:15:00.000000000,1681107300000000000,3216,3218,3216,3218,182,129250,129258
2023-04-10 14:16:00.000000000,1681107360000000000,3218,3218,3215,3216,133,129258,129229
2023-04-10 14:17:00.000000000,1681107420000000000,3216,3216,3215,3215,54,129229,129226
2023-04-10 14:18:00.000000000,1681107480000000000,3215,3217,3215,3216,100,129226,129221
2023-04-10 14:19:00.000000000,1681107540000000000,3216,3217,3216,3216,24,129221,129219
2023-04-10 14:20:00.000000000,1681107600000000000,3216,3220,3216,3220,211,129219,129219
2023-04-10 14:21:00.000000000,1681107660000000000,3220,3224,3219,3223,642,129219,129156
2023-04-10 14:22:00.000000000,1681107720000000000,3223,3223,3218,3218,266,129156,129087
2023-04-10 14:23:00.000000000,1681107780000000000,3218,3221,3218,3221,148,129087,129036
2023-04-10 14:24:00.000000000,1681107840000000000,3221,3222,3220,3222,130,129036,129021
2023-04-10 14:25:00.000000000,1681107900000000000,3222,3224,3221,3224,214,129021,129020
2023-04-10 14:26:00.000000000,1681107960000000000,3224,3224,3221,3223,217,129020,129008
2023-04-10 14:27:00.000000000,1681108020000000000,3223,3224,3222,3222,108,129008,129029
2023-04-10 14:28:00.000000000,1681108080000000000,3222,3224,3222,3223,165,129029,129021
2023-04-10 14:29:00.000000000,1681108140000000000,3223,3224,3220,3221,215,129021,128996
2023-04-10 14:30:00.000000000,1681108200000000000,3221,3222,3220,3222,73,128996,128992
2023-04-10 14:31:00.000000000,1681108260000000000,3222,3225,3221,3224,415,128992,129046
2023-04-10 14:32:00.000000000,1681108320000000000,3224,3225,3223,3225,124,129046,129071
2023-04-10 14:33:00.000000000,1681108380000000000,3225,3227,3225,3226,394,129071,129225
2023-04-10 14:34:00.000000000,1681108440000000000,3226,3227,3225,3227,269,129225,129341
2023-04-10 14:35:00.000000000,1681108500000000000,3227,3228,3226,3226,358,129341,129301
2023-04-10 14:36:00.000000000,1681108560000000000,3226,3227,3225,3227,187,129301,129325
2023-04-10 14:37:00.000000000,1681108620000000000,3227,3227,3225,3225,207,129325,129449
2023-04-10 14:38:00.000000000,1681108680000000000,3225,3226,3225,3226,226,129449,129447
2023-04-10 14:39:00.000000000,1681108740000000000,3226,3226,3224,3225,97,129447,129438
2023-04-10 14:40:00.000000000,1681108800000000000,3225,3226,3223,3223,126,129438,129426
2023-04-10 14:41:00.000000000,1681108860000000000,3223,3224,3222,3222,144,129426,129429
2023-04-10 14:42:00.000000000,1681108920000000000,3222,3224,3222,3224,85,129429,129402
2023-04-10 14:43:00.000000000,1681108980000000000,3224,3224,3223,3224,142,129402,129406
2023-04-10 14:44:00.000000000,1681109040000000000,3224,3224,3221,3223,292,129406,129391
2023-04-10 14:45:00.000000000,1681109100000000000,3223,3223,3222,3223,98,129391,129394
2023-04-10 14:46:00.000000000,1681109160000000000,3223,3224,3222,3223,58,129394,129381
2023-04-10 14:47:00.000000000,1681109220000000000,3223,3224,3221,3221,79,129381,129366
2023-04-10 14:48:00.000000000,1681109280000000000,3221,3223,3221,3221,231,129366,129299
2023-04-10 14:49:00.000000000,1681109340000000000,3221,3222,3220,3220,164,129299,129287
2023-04-10 14:50:00.000000000,1681109400000000000,3220,3221,3219,3220,339,129287,129343
2023-04-10 14:51:00.000000000,1681109460000000000,3220,3221,3219,3221,112,129343,129305
2023-04-10 14:52:00.000000000,1681109520000000000,3221,3222,3220,3220,98,129305,129293
2023-04-10 14:53:00.000000000,1681109580000000000,3220,3225,3220,3224,251,129293,129210
2023-04-10 14:54:00.000000000,1681109640000000000,3224,3225,3223,3225,236,129210,129135
2023-04-10 14:55:00.000000000,1681109700000000000,3225,3228,3224,3226,476,129135,129078
2023-04-10 14:56:00.000000000,1681109760000000000,3226,3227,3223,3223,264,129078,129040
2023-04-10 14:57:00.000000000,1681109820000000000,3223,3227,3223,3225,351,129040,129085
2023-04-10 14:58:00.000000000,1681109880000000000,3225,3227,3224,3226,486,129085,129040
2023-04-10 14:59:00.000000000,1681109940000000000,3226,3227,3224,3225,649,129040,128911
